UT,arc,discrete,diffuse,ac,ab,clear,cloudy,dd
20190117140000,0.0,0.0,0.0,0.0,0.0,0.0,0.0,100.0
20190117140030,0.0,0.0,0.0,0.0,0.0,0.0,0.0,100.0
20190117140100,0.0,0.0,0.0,0.0,0.0,0.0,0.0,100.0
20190117140130,0.0,0.0,0.0,0.0,0.0,0.0,0.0,100.0
20190117140200,0.0,0.0,0.0,0.0,0.0,0.0,0.0,100.0
20190117140230,0.0,0.0,0.0,0.0,0.0,0.0,0.0,100.0
20190117140300,0.0,0.0,0.0,0.0,0.0,0.0,0.0,100.0
20190117140330,0.0,0.0,0.0,0.0,0.0,0.0,0.0,100.0
20190117140400,0.0,0.0,0.0,0.0,0.0,0.0,0.0,100.0
20190117140430,0.0,0.0,0.0,0.0,0.0,0.0,0.0,100.0
20190117140500,0.0,0.0,0.0,0.0,0.0,0.0,0.0,100.0
20190117140530,0.0,0.0,0.0,0.0,0.0,0.0,0.0,100.0
20190117140600,0.0,0.0,0.0,0.0,0.0,0.0,0.0,100.0
20190117140630,0.0,0.0,0.0,0.0,0.0,0.0,0.0,100.0
20190117140700,0.0,0.0,0.0,0.0,0.0,0.0,0.0,100.0
20190117140730,0.0,0.0,0.0,0.0,0.0,0.0,0.0,100.0
20190117140800,0.0,0.0,0.0,0.0,0.0,0.0,0.0,100.0
20190117140831,0.0,0.0,0.0,0.0,0.0,0.0,0.0,100.0
20190117140901,0.0,0.0,0.0,0.0,0.0,0.0,0.0,100.0
20190117140931,0.0,0.0,0.0,0.0,0.0,0.0,0.0,100.0
20190117141001,0.0,0.0,0.0,0.0,0.0,0.0,0.0,100.0
20190117141031,0.0,0.0,0.0,0.0,0.0,0.0,0.0,100.0
20190117141101,0.0,0.0,0.0,0.0,0.0,0.0,0.0,100.0
20190117141131,0.0,0.0,0.0,0.0,0.0,0.0,0.0,100.0
20190117141201,0.0,0.0,0.0,0.0,0.0,0.0,0.0,100.0
20190117141231,0.0,0.0,0.0,0.0,0.0,0.0,0.0,100.0
20190117141301,0.0,0.0,0.0,0.0,0.0,0.0,0.0,100.0
20190117141331,0.0,0.0,0.0,0.0,0.0,0.0,0.0,100.0
20190117141401,0.0,0.0,0.0,0.0,0.0,0.0,0.0,100.0
20190117141431,0.0,0.0,0.0,0.0,0.0,0.0,0.0,100.0
20190117141501,0.0,0.0,0.0,0.0,0.0,0.0,0.0,100.0
20190117141531,0.0,0.0,0.0,0.0,0.0,0.0,0.0,100.0
20190117141601,0.0,0.0,0.0,0.0,0.0,0.0,0.0,100.0
20190117141631,0.0,0.0,0.0,0.0,0.0,0.0,0.0,100.0
20190117141701,0.0,0.0,0.0,0.0,0.0,0.0,0.0,100.0
20190117141731,0.0,0.0,0.0,0.0,0.0,0.0,0.0,100.0
20190117141801,0.0,0.0,0.0,0.0,0.0,0.0,0.0,100.0
20190117141831,0.0,0.0,0.0,0.0,0.0,0.0,0.0,100.0
20190117141901,0.0,0.0,0.0,0.0,0.0,0.0,0.0,100.0
20190117141931,0.0,0.0,0.0,0.0,0.0,0.0,0.0,100.0
20190117142001,0.0,0.0,0.0,0.0,0.0,0.0,0.0,100.0
20190117142031,0.0,0.0,0.0,0.0,0.0,0.0,0.0,100.0
20190117142101,0.0,0.0,0.0,0.0,0.0,0.0,0.0,100.0
20190117142131,0.0,0.0,0.0,0.0,0.0,0.0,0.0,100.0
20190117142201,0.0,0.0,0.0,0.0,0.0,0.0,0.0,100.0
20190117142231,0.0,0.0,0.0,0.0,0.0,0.0,0.0,100.0
20190117142301,0.0,0.0,0.0,0.0,0.0,0.0,0.0,100.0
20190117142331,0.0,0.0,0.0,0.0,0.0,0.0,0.0,100.0
20190117142401,0.0,0.0,0.0,0.0,0.0,0.0,0.0,100.0
20190117142431,0.0,0.0,0.0,0.0,0.0,0.0,0.0,100.0
20190117142501,0.0,0.0,0.0,0.0,0.0,0.0,0.0,100.0
20190117142531,0.0,0.0,0.0,0.0,0.0,0.0,0.0,100.0
20190117142601,0.0,0.0,0.0,0.0,0.0,0.0,0.0,100.0
20190117142631,0.0,0.0,0.0,0.0,0.0,0.0,0.0,100.0
20190117142701,0.0,0.0,0.0,0.0,0.0,0.0,0.0,100.0
20190117142731,0.0,0.0,0.0,0.0,0.0,0.0,0.0,100.0
20190117142801,0.0,0.0,0.0,0.0,0.0,0.0,0.0,100.0
20190117142831,0.0,0.0,0.0,0.0,0.0,0.0,0.0,100.0
20190117142901,0.0,0.0,0.0,0.0,0.0,0.0,0.0,100.0
20190117142931,0.0,0.0,0.0,0.0,0.0,0.0,0.0,100.0
20190117143001,0.0,0.0,0.0,0.0,0.0,0.0,0.0,100.0
20190117143031,0.0,0.0,0.0,0.0,0.0,0.0,0.0,100.0
20190117143101,0.0,0.0,0.0,0.0,0.0,0.0,0.0,100.0
20190117143131,0.0,0.0,0.0,0.0,0.0,0.0,0.0,100.0
20190117143201,0.0,0.0,0.0,0.0,0.0,0.0,0.0,100.0
20190117143231,0.0,0.0,0.0,0.0,0.0,0.0,0.0,100.0
20190117143301,0.0,0.0,0.0,0.0,0.0,0.0,0.0,100.0
20190117143331,0.0,0.0,0.0,0.0,0.0,0.0,0.0,100.0
20190117143401,0.0,0.0,0.0,0.0,0.0,0.0,0.0,100.0
20190117143431,0.0,0.0,0.0,0.0,0.0,0.0,0.0,100.0
20190117143501,0.0,0.0,0.0,0.0,0.0,0.0,0.0,100.0
20190117143531,0.0,0.0,0.0,0.0,0.0,0.0,0.0,100.0
20190117143601,0.0,0.0,0.0,0.0,0.0,0.0,0.0,100.0
20190117143631,0.0,0.0,0.0,0.0,0.0,0.0,0.0,100.0
20190117143701,0.0,0.0,0.0,0.0,0.0,0.0,0.0,100.0
20190117143731,0.0,0.0,0.0,0.0,0.0,0.0,0.0,100.0
20190117143801,0.0,0.0,0.0,0.0,0.0,0.0,0.0,100.0
20190117143831,0.0,0.0,0.0,0.0,0.0,0.0,0.0,100.0
20190117143901,0.0,0.0,0.0,0.0,0.0,0.0,0.0,100.0
20190117143931,0.0,0.0,0.0,0.0,0.0,0.0,0.0,100.0
20190117144001,0.0,0.0,0.0,0.0,0.0,0.0,0.0,100.0
20190117144031,0.0,0.0,0.0,0.0,0.0,0.0,0.0,100.0
20190117144101,0.0,0.0,0.0,0.0,0.0,0.0,0.0,100.0
20190117144131,0.0,0.0,0.0,0.0,0.0,0.0,0.0,100.0
20190117144201,0.0,0.0,0.0,0.0,0.0,0.0,0.0,100.0
20190117144232,0.0,0.0,0.0,0.0,0.0,0.0,0.0,100.0
20190117144302,0.0,0.0,0.0,0.0,0.0,0.0,0.0,100.0
20190117144332,0.0,0.0,0.0,0.0,0.0,0.0,0.0,100.0
20190117144402,0.0,0.0,0.0,0.0,0.0,0.0,0.0,100.0
20190117144432,0.0,0.0,0.0,0.0,0.0,0.0,0.0,100.0
20190117144502,0.0,0.0,0.0,0.0,0.0,0.0,0.0,100.0
20190117144532,0.0,0.0,0.0,0.0,0.0,0.0,0.0,100.0
20190117144602,0.0,0.0,0.0,0.0,0.0,0.0,0.0,100.0
20190117144632,0.0,0.0,0.0,0.0,0.0,0.0,0.0,100.0
20190117144702,0.0,0.0,0.0,0.0,0.0,0.0,0.0,100.0
20190117144732,0.0,0.0,0.0,0.0,0.0,0.0,0.0,100.0
20190117144802,0.0,0.0,0.0,0.0,0.0,0.0,0.0,100.0
20190117144832,0.0,0.0,0.0,0.0,0.0,0.0,0.0,100.0
20190117144902,0.0,0.0,0.0,0.0,0.0,0.0,0.0,100.0
20190117144932,0.0,0.0,0.0,0.0,0.0,0.0,0.0,100.0
20190117145002,0.0,0.0,0.0,0.0,0.0,0.0,0.0,100.0
20190117145032,0.0,0.0,0.0,0.0,0.0,0.0,0.0,100.0
20190117145102,0.0,0.0,0.0,0.0,0.0,0.0,0.0,100.0
20190117145132,0.0,0.0,0.0,0.0,0.0,0.0,0.0,100.0
20190117145202,0.0,0.0,0.0,0.0,0.0,0.0,0.0,100.0
20190117145232,0.0,0.0,0.0,0.0,0.0,0.0,0.0,100.0
20190117145302,0.0,0.0,0.0,0.0,0.0,0.0,0.0,100.0
20190117145332,0.0,0.0,0.0,0.0,0.0,0.0,0.0,100.0
20190117145402,0.0,0.0,0.0,0.0,0.0,0.0,0.0,100.0
20190117145432,0.0,0.0,0.0,0.0,0.0,0.0,0.0,100.0
20190117145502,0.0,0.0,0.0,0.0,0.0,0.0,0.0,100.0
20190117145532,0.0,0.0,0.0,0.0,0.0,0.0,0.0,100.0
20190117145602,0.0,0.0,0.0,0.0,0.0,0.0,0.0,100.0
20190117145632,0.0,0.0,0.0,0.0,0.0,0.0,0.0,100.0
20190117145702,0.0,0.0,0.0,0.0,0.0,0.0,0.0,100.0
20190117145732,0.0,0.0,0.0,0.0,0.0,0.0,0.0,100.0
20190117145802,0.0,0.0,0.0,0.0,0.0,0.0,0.0,100.0
20190117145832,0.0,0.0,0.0,0.0,0.0,0.0,0.0,100.0
20190117145902,0.0,0.0,0.0,0.0,0.0,0.0,0.0,100.0
20190117145932,0.0,0.0,0.0,0.0,0.0,0.0,0.0,100.0
20190117150132,0.0,0.0,0.0,0.0,0.0,0.0,0.0,100.0
20190117150202,0.0,0.0,0.0,0.0,0.0,0.0,0.0,100.0
20190117150232,0.0,0.0,0.0,0.0,0.2,0.0,0.0,99.8
20190117150302,0.0,0.0,0.0,0.0,0.6,0.0,0.0,99.4
20190117150332,0.0,0.0,0.0,0.0,0.9,0.0,0.0,99.1
20190117150402,0.0,0.0,0.0,0.0,2.2,0.0,0.0,97.8
20190117150432,0.0,0.0,0.0,0.0,0.8,0.0,0.0,99.2
20190117150502,0.0,0.0,0.0,0.0,1.5,0.0,0.0,98.5
20190117150532,0.0,0.0,0.0,0.0,1.0,0.0,0.0,99.0
20190117150602,0.0,0.0,0.0,0.0,0.9,0.0,0.0,99.0
20190117150632,0.0,0.0,0.0,0.0,4.6,0.0,0.0,95.4
20190117150702,0.0,0.0,0.0,0.0,0.3,0.0,0.0,99.7
20190117150732,0.0,0.0,0.0,0.0,0.5,0.0,0.0,99.5
20190117150802,0.0,0.0,0.0,0.0,1.1,0.0,0.0,98.9
20190117150832,0.0,0.0,0.0,0.0,3.1,0.0,0.0,96.9
20190117150902,0.0,0.0,0.0,0.0,1.4,0.0,0.0,98.6
20190117150932,0.0,0.0,0.0,0.0,2.1,0.0,0.0,97.9
20190117151002,0.0,0.0,0.0,0.0,4.6,0.0,0.0,95.4
20190117151032,0.0,0.0,0.0,0.0,4.8,0.0,0.0,95.2
20190117151102,0.0,0.0,0.0,0.0,11.9,0.0,0.0,88.1
20190117151132,0.0,0.0,0.0,0.0,26.1,0.0,0.0,73.9
20190117151202,0.0,0.0,0.0,0.1,54.0,0.0,0.0,45.8
20190117151232,0.0,0.0,0.0,0.1,52.5,0.0,0.0,47.4
20190117151302,0.0,0.0,0.0,0.1,22.9,0.0,0.1,76.9
20190117151332,0.0,0.0,0.0,0.0,10.4,0.0,0.0,89.5
20190117151402,0.0,0.0,0.0,0.1,14.6,0.0,0.1,85.2
20190117151432,0.0,0.0,0.0,0.2,36.0,0.0,0.1,63.7
20190117151502,0.0,0.0,0.0,0.2,35.8,0.0,0.2,63.8
20190117151532,0.0,0.0,0.0,0.2,51.9,0.0,0.3,47.6
20190117151602,0.0,0.0,0.0,0.1,76.3,0.0,0.1,23.5
20190117151633,0.0,0.0,0.0,0.6,69.1,0.0,0.3,30.0
20190117151703,0.0,0.0,0.0,0.3,38.2,0.0,0.2,61.3
20190117151733,0.0,0.0,0.0,0.4,49.5,0.0,0.5,49.6
20190117151803,0.0,0.0,0.0,0.1,72.0,0.0,0.4,27.4
20190117151833,0.0,0.0,0.0,0.5,88.1,0.0,0.4,11.0
20190117151903,0.0,0.0,0.0,0.4,88.0,0.0,1.7,9.8
20190117151933,0.0,0.0,0.0,1.1,85.2,0.0,4.1,9.6
20190117152003,0.0,0.0,0.0,3.2,57.0,0.0,7.3,32.5
20190117152033,0.0,0.0,0.0,1.2,69.3,0.0,15.9,13.7
20190117152103,0.0,0.0,0.0,1.6,90.3,0.0,2.1,5.9
20190117152133,0.0,0.0,0.0,3.6,70.1,0.0,13.0,13.2
20190117152203,0.0,0.0,0.0,2.2,59.3,0.0,30.3,8.2
20190117152233,0.0,0.0,0.0,3.7,67.4,0.0,17.0,11.9
20190117152303,0.0,0.0,0.0,4.6,52.2,0.0,29.8,13.4
20190117152333,0.0,0.0,0.0,3.9,48.4,0.0,43.8,3.9
20190117152403,0.0,0.0,0.0,4.8,30.0,0.0,61.8,3.4
20190117152433,0.0,0.0,0.0,3.5,42.7,0.0,50.2,3.6
20190117152503,0.0,0.0,0.0,3.0,23.4,0.0,70.8,2.9
20190117152533,0.0,0.0,0.0,9.2,48.9,0.0,39.3,2.5
20190117152603,0.0,0.0,0.1,7.0,28.7,0.0,63.0,1.3
20190117152633,0.0,0.0,0.0,8.5,27.3,0.0,62.6,1.6
20190117152703,0.0,0.0,0.0,4.8,18.1,0.0,75.8,1.2
20190117152733,0.0,0.0,0.1,9.3,25.9,0.0,63.2,1.5
20190117152803,0.0,0.0,0.0,10.8,30.5,0.0,55.6,3.1
20190117152833,0.0,0.0,0.0,3.9,48.2,0.0,44.7,3.2
20190117152903,0.0,0.0,0.0,12.0,29.0,0.0,56.3,2.6
20190117152933,0.0,0.0,0.0,6.9,27.9,0.0,64.1,1.1
20190117153003,0.0,0.0,0.0,3.3,5.6,0.0,89.0,2.2
20190117153033,0.0,0.0,0.0,9.1,14.7,0.0,73.7,2.5
20190117153103,0.0,0.0,0.0,9.6,4.0,0.0,84.8,1.6
20190117153133,0.0,0.0,0.0,9.8,5.2,0.0,82.5,2.5
20190117153203,0.0,0.0,0.0,6.1,7.7,0.0,82.7,3.5
20190117153233,0.0,0.0,0.0,1.4,4.9,0.0,92.7,1.0
20190117153303,0.0,0.0,0.0,6.6,17.8,0.0,72.9,2.7
20190117153333,0.0,0.0,0.0,2.7,6.6,0.0,89.0,1.7
20190117153403,0.0,0.0,0.0,1.3,4.5,0.0,93.0,1.2
20190117153433,0.0,0.0,0.0,3.3,9.1,0.0,84.3,3.2
20190117153503,0.0,0.0,0.0,2.4,18.7,0.0,72.2,6.7
20190117153533,0.0,0.0,0.0,8.6,11.3,0.0,75.1,5.0
20190117153603,0.0,0.0,0.0,7.6,11.0,0.0,74.0,7.4
20190117153633,0.0,0.0,0.0,6.2,9.7,0.0,79.5,4.5
20190117153703,0.0,0.0,0.0,3.8,20.1,0.0,73.6,2.5
20190117153733,0.0,0.0,0.0,0.9,12.5,0.0,83.8,2.9
20190117153803,0.0,0.0,0.0,0.7,8.5,0.0,87.4,3.4
20190117153833,0.0,0.0,0.0,2.1,5.4,0.0,61.2,31.2
20190117153903,0.0,0.0,0.0,3.4,7.3,0.0,82.7,6.6
20190117153933,0.0,0.0,0.0,3.9,12.1,0.0,76.5,7.5
20190117154003,0.0,0.0,0.0,4.9,16.4,0.0,66.9,11.8
20190117154033,0.0,0.0,0.0,4.9,9.2,0.0,80.0,5.8
20190117154103,0.0,0.0,0.0,2.4,14.7,0.0,80.7,2.2
20190117154133,0.0,0.0,0.0,3.6,14.6,0.0,80.8,0.9
20190117154203,0.0,0.0,0.0,7.1,18.6,0.0,72.9,1.3
20190117154233,0.0,0.0,0.0,1.5,10.7,0.0,87.0,0.8
20190117154303,0.0,0.0,0.0,3.6,5.9,0.0,89.5,1.0
20190117154333,0.0,0.0,0.0,1.3,3.4,0.0,94.3,1.0
20190117154403,0.0,0.0,0.0,4.8,2.1,0.0,92.2,0.9
20190117154433,0.0,0.0,0.0,2.1,3.8,0.0,93.5,0.6
20190117154503,0.0,0.0,0.0,2.7,6.5,0.0,89.7,1.1
20190117154533,0.0,0.0,0.0,1.3,3.4,0.0,94.7,0.6
20190117154603,0.0,0.0,0.0,7.9,6.2,0.0,85.5,0.4
20190117154633,0.0,0.0,0.0,2.9,0.7,0.0,96.1,0.3
20190117154703,0.0,0.0,0.0,6.5,3.6,0.0,89.3,0.6
20190117154733,0.0,0.0,0.0,2.7,1.1,0.0,95.6,0.6
20190117154803,0.0,0.0,0.0,5.4,3.9,0.0,90.3,0.4
20190117154833,0.0,0.0,0.0,1.2,1.4,0.0,97.2,0.2
20190117154903,0.0,0.0,0.0,3.9,1.6,0.0,94.3,0.2
20190117154933,0.0,0.0,0.0,0.5,1.4,0.0,98.0,0.1
20190117155004,0.0,0.0,0.0,0.4,2.3,0.0,97.2,0.1
20190117155034,0.0,0.0,0.0,0.4,1.0,0.0,98.5,0.1
20190117155104,0.0,0.0,0.0,0.3,2.0,0.0,97.7,0.1
20190117155134,0.0,0.0,0.0,0.9,6.8,0.0,92.2,0.1
20190117155204,0.0,0.0,0.0,0.6,4.0,0.0,95.3,0.1
20190117155234,0.0,0.0,0.0,0.6,1.6,0.0,97.7,0.1
20190117155304,0.0,0.0,0.0,0.7,3.6,0.0,95.6,0.1
20190117155334,0.0,0.0,0.0,1.0,2.2,0.0,96.7,0.1
20190117155404,0.0,0.0,0.0,1.3,2.7,0.0,95.9,0.1
20190117155434,0.0,0.0,0.0,0.6,1.7,0.0,97.6,0.1
20190117155504,0.0,0.0,0.0,1.0,3.0,0.0,95.9,0.1
20190117155534,0.0,0.0,0.0,4.2,8.0,0.0,87.6,0.2
20190117155604,0.0,0.0,0.0,1.1,2.5,0.0,96.3,0.1
20190117155634,0.0,0.0,0.0,3.5,15.6,0.0,80.7,0.2
20190117155704,0.0,0.0,0.0,2.1,1.0,0.0,96.8,0.1
20190117155734,0.0,0.0,0.0,3.4,1.5,0.0,95.0,0.1
20190117155804,0.0,0.0,0.0,4.1,2.0,0.0,93.8,0.1
20190117155834,0.0,0.0,0.0,2.7,2.3,0.0,94.8,0.1
20190117155904,0.0,0.0,0.0,0.6,1.0,0.0,98.3,0.1
20190117155934,0.0,0.0,0.0,1.8,4.6,0.0,93.5,0.1
20190117160004,0.0,0.0,0.0,1.4,0.9,0.0,97.6,0.1
20190117160034,0.0,0.0,0.0,2.9,0.6,0.0,96.3,0.2
20190117160104,0.0,0.0,0.0,2.2,2.0,0.0,95.6,0.2
20190117160134,0.0,0.0,0.0,2.2,0.8,0.0,96.8,0.2
20190117160204,0.0,0.0,0.0,3.9,0.7,0.0,95.2,0.2
20190117160234,0.0,0.0,0.0,1.0,0.8,0.0,98.1,0.1
20190117160304,0.0,0.0,0.0,11.2,1.1,0.0,87.4,0.4
20190117160334,0.0,0.0,0.0,12.5,1.5,0.0,85.5,0.5
20190117160404,0.0,0.0,0.0,3.3,0.7,0.0,95.8,0.3
20190117160434,0.0,0.0,0.0,24.7,1.9,0.0,72.1,1.3
20190117160504,0.0,0.0,0.0,14.7,2.6,0.0,79.5,3.2
20190117160534,0.0,0.0,0.0,20.2,1.1,0.0,74.4,4.4
20190117160604,0.0,0.0,0.0,27.5,1.0,0.0,69.5,2.0
20190117160634,0.0,0.0,0.0,41.9,3.0,0.0,50.2,5.0
20190117160704,0.0,0.0,0.0,28.7,1.3,0.0,67.2,2.8
20190117160734,0.0,0.0,0.0,21.8,1.2,0.0,73.0,4.0
20190117160804,0.0,0.0,0.0,31.1,1.4,0.0,62.1,5.4
20190117160834,0.0,0.0,0.0,23.2,1.8,0.0,69.6,5.4
20190117160904,0.0,0.0,0.0,11.0,1.2,0.0,85.4,2.3
20190117160934,0.0,0.0,0.0,12.3,0.6,0.0,82.9,4.2
20190117161004,0.0,0.0,0.0,3.3,1.1,0.0,89.0,6.6
20190117161034,0.0,0.0,0.0,22.7,0.6,0.0,60.6,16.2
20190117161104,0.0,0.0,0.0,8.8,3.0,0.0,68.4,19.9
20190117161134,0.0,0.0,0.0,8.7,1.0,0.0,67.8,22.5
20190117161204,0.0,0.0,0.0,7.9,2.4,0.0,84.4,5.3
20190117161234,0.0,0.0,0.0,8.8,0.8,0.0,86.6,3.8
20190117161304,0.0,0.0,0.0,19.0,0.6,0.0,75.7,4.7
20190117161334,0.0,0.0,0.0,20.6,1.6,0.0,71.7,6.1
20190117161404,0.0,0.0,0.0,1.7,0.7,0.0,96.6,1.1
20190117161434,0.0,0.0,0.0,13.4,1.2,0.0,82.6,2.8
20190117161504,0.0,0.0,0.0,6.5,0.3,0.0,91.7,1.4
20190117161534,0.0,0.0,0.0,4.4,0.5,0.0,93.7,1.4
20190117161604,0.0,0.0,0.0,2.2,0.4,0.0,96.7,0.7
20190117161634,0.0,0.0,0.0,7.4,0.4,0.0,91.0,1.2
20190117161704,0.0,0.0,0.0,3.1,0.1,0.0,96.2,0.5
20190117161734,0.0,0.0,0.0,1.5,0.1,0.0,98.1,0.3
20190117161804,0.0,0.0,0.0,4.2,0.3,0.0,95.1,0.4
20190117161835,0.0,0.0,0.0,1.8,0.4,0.0,97.2,0.6
20190117161905,0.0,0.0,0.0,0.8,0.3,0.0,98.6,0.3
20190117161935,0.0,0.0,0.0,2.9,0.3,0.0,96.4,0.4
20190117162005,0.0,0.0,0.0,9.5,0.4,0.0,89.1,1.1
20190117162035,0.0,0.0,0.0,0.8,0.5,0.0,98.3,0.4
20190117162105,0.0,0.0,0.0,2.2,0.3,0.0,96.6,0.9
20190117162135,0.0,0.0,0.0,0.7,0.2,0.0,98.4,0.8
20190117162205,0.0,0.0,0.0,3.9,0.4,0.0,92.1,3.6
20190117162235,0.0,0.0,0.0,0.8,0.2,0.0,98.0,1.0
20190117162305,0.0,0.0,0.0,0.5,0.3,0.0,97.4,1.8
20190117162335,0.0,0.0,0.0,0.5,0.3,0.0,98.2,1.0
20190117162405,0.0,0.0,0.0,1.7,0.7,0.0,96.8,0.7
20190117162435,0.0,0.0,0.0,1.2,0.3,0.0,97.8,0.7
20190117162505,0.0,0.0,0.0,0.8,0.7,0.0,97.8,0.8
20190117162535,0.0,0.0,0.0,2.4,1.6,0.0,95.6,0.4
20190117162605,0.0,0.0,0.0,1.6,0.9,0.0,96.8,0.6
20190117162635,0.0,0.0,0.0,0.8,1.5,0.0,97.3,0.4
20190117162705,0.0,0.0,0.0,2.6,2.8,0.0,92.5,2.1
20190117162735,0.0,0.0,0.0,1.5,0.9,0.0,95.7,1.8
20190117162805,0.0,0.0,0.0,0.3,0.6,0.0,98.6,0.6
20190117162835,0.0,0.0,0.0,0.5,1.6,0.0,97.5,0.5
20190117162905,0.0,0.0,0.0,0.3,0.4,0.0,99.1,0.2
20190117162935,0.0,0.0,0.0,0.2,0.8,0.0,98.6,0.4
20190117163005,0.0,0.0,0.0,0.3,1.4,0.0,98.0,0.4
20190117163035,0.0,0.0,0.0,0.1,0.7,0.0,99.0,0.3
20190117163105,0.0,0.0,0.0,0.2,1.7,0.0,95.3,2.8
20190117163135,0.0,0.0,0.0,0.2,0.9,0.0,97.9,1.0
20190117163205,0.0,0.0,0.0,0.2,0.9,0.0,97.5,1.5
20190117163235,0.0,0.0,0.0,0.2,0.5,0.0,98.0,1.3
20190117163305,0.0,0.0,0.0,0.4,2.5,0.0,92.9,4.2
20190117163335,0.0,0.0,0.0,0.1,0.7,0.0,98.7,0.5
20190117163405,0.0,0.0,0.0,0.1,0.8,0.0,98.4,0.7
20190117163435,0.0,0.0,0.0,0.2,0.2,0.0,99.4,0.3
20190117163505,0.0,0.0,0.0,0.1,0.4,0.0,99.3,0.2
20190117163535,0.0,0.0,0.0,0.0,0.4,0.0,99.3,0.2
20190117163605,0.0,0.0,0.0,0.1,0.4,0.0,99.1,0.4
20190117163635,0.0,0.0,0.0,0.1,0.4,0.0,99.2,0.3
20190117163705,0.0,0.0,0.0,0.1,0.8,0.0,96.9,2.1
20190117163735,0.0,0.0,0.0,0.2,0.6,0.0,98.4,0.8
20190117163805,0.0,0.0,0.0,0.2,0.7,0.0,98.2,0.9
20190117163835,0.0,0.0,0.0,0.2,0.5,0.0,98.8,0.5
20190117163905,0.0,0.0,0.0,0.2,0.5,0.0,97.6,1.7
20190117163935,0.0,0.0,0.0,0.1,0.6,0.0,99.1,0.2
20190117164005,0.0,0.0,0.0,0.1,1.2,0.0,98.0,0.8
20190117164035,0.0,0.0,0.0,0.1,1.7,0.0,97.8,0.5
20190117164105,0.0,0.0,0.0,0.1,0.8,0.0,98.5,0.6
20190117164135,0.0,0.0,0.0,0.0,0.6,0.0,99.1,0.2
20190117164205,0.0,0.0,0.0,0.2,0.7,0.0,98.7,0.5
20190117164235,0.0,0.0,0.0,0.0,0.5,0.0,99.3,0.2
20190117164305,0.0,0.0,0.0,0.1,0.9,0.0,98.6,0.4
20190117164335,0.0,0.0,0.0,0.1,0.8,0.0,98.9,0.3
20190117164405,0.0,0.0,0.0,0.4,2.4,0.0,94.3,2.9
20190117164435,0.0,0.0,0.0,0.1,0.7,0.0,98.4,0.8
20190117164505,0.0,0.0,0.0,0.2,2.0,0.0,96.4,1.5
20190117164535,0.0,0.0,0.0,0.2,1.4,0.0,97.1,1.3
20190117164605,0.0,0.0,0.0,0.2,4.7,0.0,92.7,2.3
20190117164635,0.0,0.0,0.0,0.4,2.5,0.0,95.1,2.0
20190117164705,0.0,0.0,0.0,0.1,0.7,0.0,98.2,0.9
20190117164735,0.0,0.0,0.0,0.6,2.2,0.0,93.8,3.4
20190117164805,0.0,0.0,0.0,0.5,4.3,0.0,91.8,3.5
20190117164835,0.0,0.0,0.0,0.2,1.5,0.0,97.4,0.9
20190117164905,0.0,0.0,0.0,2.9,2.5,0.0,89.9,4.7
20190117164935,0.0,0.0,0.0,0.7,5.2,0.0,90.7,3.4
20190117165005,0.0,0.0,0.0,2.2,2.5,0.0,92.2,3.1
20190117165035,0.0,0.0,0.0,0.6,4.2,0.0,92.0,3.2
20190117165105,0.0,0.0,0.0,0.8,3.8,0.0,92.4,2.9
20190117165135,0.0,0.0,0.0,1.2,2.6,0.0,93.4,2.9
20190117165205,0.0,0.0,0.0,1.6,2.8,0.0,93.5,2.1
20190117165235,0.0,0.0,0.0,1.4,3.1,0.0,92.9,2.6
20190117165306,0.0,0.0,0.0,1.5,4.4,0.0,87.2,6.9
20190117165336,0.0,0.0,0.0,2.3,1.8,0.0,94.6,1.3
20190117165406,0.0,0.0,0.0,6.4,3.1,0.0,86.1,4.4
20190117165436,0.0,0.0,0.0,5.8,4.2,0.0,86.7,3.3
20190117165506,0.0,0.0,0.0,2.2,3.6,0.0,92.7,1.5
20190117165536,0.0,0.0,0.0,1.6,1.8,0.0,94.7,2.0
20190117165606,0.0,0.0,0.0,1.2,2.0,0.0,93.6,3.2
20190117165636,0.0,0.0,0.0,1.9,2.0,0.0,94.9,1.1
20190117165706,0.0,0.0,0.0,3.0,1.5,0.0,94.1,1.4
20190117165736,0.0,0.0,0.0,2.3,1.4,0.0,94.7,1.5
20190117165806,0.0,0.0,0.0,8.1,1.9,0.0,85.1,4.9
20190117165836,0.0,0.0,0.0,2.8,2.0,0.0,91.3,3.9
20190117165906,0.0,0.0,0.0,15.0,5.5,0.0,76.5,3.0
20190117165936,0.0,0.0,0.0,5.3,5.2,0.0,87.6,1.9
20190117170006,0.0,0.0,0.0,9.2,10.2,0.0,78.9,1.7
20190117170036,0.0,0.0,0.0,4.4,36.0,0.0,53.4,6.2
20190117170106,0.0,0.0,0.0,9.0,2.0,0.0,85.3,3.7
20190117170136,0.0,0.0,0.0,9.5,7.0,0.0,82.0,1.5
20190117170206,0.0,0.0,0.0,19.8,6.2,0.0,71.5,2.5
20190117170236,0.0,0.0,0.0,25.5,10.7,0.0,56.3,7.5
20190117170306,0.0,0.0,0.0,12.5,20.1,0.0,63.4,4.0
20190117170336,0.0,0.0,0.0,47.0,3.9,0.0,40.9,8.1
20190117170406,0.0,0.0,0.0,18.7,5.8,0.0,68.2,7.3
20190117170436,0.0,0.0,0.0,10.8,9.3,0.0,72.4,7.5
20190117170506,0.0,0.0,0.0,12.5,18.0,0.0,64.8,4.7
20190117170536,0.0,0.0,0.0,9.4,12.4,0.0,70.1,8.1
20190117170606,0.0,0.0,0.0,6.8,8.1,0.0,80.9,4.2
20190117170636,0.0,0.0,0.0,11.6,16.4,0.0,68.4,3.6
20190117170706,0.0,0.0,0.0,12.8,6.3,0.0,75.9,5.0
20190117170736,0.0,0.0,0.0,5.1,17.6,0.0,67.8,9.5
20190117170806,0.0,0.0,0.0,21.9,13.9,0.0,50.4,13.8
20190117170836,0.0,0.0,0.0,10.6,13.2,0.0,59.5,16.7
20190117170906,0.0,0.0,0.0,12.1,24.0,0.0,39.1,24.8
20190117170936,0.0,0.0,0.0,4.5,7.8,0.0,79.2,8.5
20190117171006,0.0,0.0,0.0,3.2,14.7,0.0,76.5,5.7
20190117171036,0.0,0.0,0.0,4.4,8.8,0.0,75.1,11.6
20190117171106,0.0,0.0,0.0,7.4,13.6,0.0,63.8,15.2
20190117171136,0.0,0.0,0.0,7.5,6.6,0.0,81.1,4.8
20190117171206,0.0,0.0,0.0,2.8,9.0,0.0,83.5,4.7
20190117171236,0.0,0.0,0.0,2.7,13.9,0.0,80.3,3.2
20190117171306,0.0,0.0,0.0,0.9,11.5,0.0,85.6,2.0
20190117171336,0.0,0.0,0.0,2.6,17.7,0.0,78.0,1.7
20190117171406,0.0,0.0,0.0,1.9,21.0,0.0,76.3,0.8
20190117171436,0.0,0.0,0.0,1.1,19.2,0.0,78.3,1.4
20190117171506,0.0,0.0,0.0,2.6,14.4,0.0,80.7,2.3
20190117171536,0.0,0.0,0.0,0.7,34.7,0.0,63.5,1.1
20190117171606,0.0,0.0,0.0,1.8,37.5,0.0,58.3,2.4
20190117171636,0.0,0.0,0.0,3.7,52.9,0.0,38.6,4.8
20190117171706,0.0,0.0,0.0,2.6,30.6,0.0,64.3,2.5
20190117171736,0.0,0.0,0.0,1.6,14.3,0.0,81.9,2.2
20190117171806,0.0,0.0,0.0,1.7,23.9,0.0,73.8,0.5
20190117171836,0.0,0.0,0.0,1.8,25.8,0.0,70.1,2.3
20190117171906,0.0,0.0,0.0,1.7,10.3,0.0,86.8,1.2
20190117171936,0.0,0.0,0.0,0.6,7.5,0.0,90.2,1.8
20190117172006,0.0,0.0,0.0,0.9,9.2,0.0,89.1,0.8
20190117172036,0.0,0.0,0.0,0.7,21.0,0.0,77.0,1.3
20190117172106,0.0,0.0,0.0,0.5,11.7,0.0,85.1,2.7
20190117172136,0.0,0.0,0.0,1.3,53.7,0.0,42.9,2.2
20190117172206,0.0,0.0,0.0,0.6,10.9,0.0,86.8,1.7
20190117172236,0.0,0.0,0.0,0.9,17.2,0.0,80.3,1.6
20190117172306,0.0,0.0,0.0,0.7,10.0,0.0,88.2,1.1
20190117172336,0.0,0.0,0.0,1.0,13.7,0.0,83.6,1.7
20190117172406,0.0,0.0,0.0,1.4,9.3,0.0,88.5,0.7
20190117172436,0.0,0.0,0.0,0.7,16.6,0.0,81.9,0.8
20190117172506,0.0,0.0,0.0,0.7,2.1,0.0,96.8,0.4
20190117172536,0.0,0.0,0.0,1.2,3.2,0.0,94.9,0.8
20190117172606,0.0,0.0,0.0,0.6,3.2,0.0,94.4,1.7
20190117172636,0.0,0.0,0.0,1.3,4.8,0.0,92.9,1.0
20190117172707,0.0,0.0,0.0,0.4,1.9,0.0,96.5,1.3
20190117172737,0.0,0.0,0.0,1.1,2.2,0.0,94.7,2.0
20190117172807,0.0,0.0,0.0,1.3,2.6,0.0,95.3,0.7
20190117172837,0.0,0.0,0.0,2.2,5.9,0.0,87.6,4.3
20190117172907,0.0,0.0,0.0,1.2,7.9,0.0,88.9,2.0
20190117172937,0.0,0.0,0.0,0.5,2.5,0.0,96.2,0.8
20190117173007,0.0,0.0,0.0,1.1,3.7,0.0,93.4,1.8
20190117173037,0.0,0.0,0.0,0.1,1.0,0.0,97.8,1.1
20190117173107,0.0,0.0,0.0,0.5,2.3,0.0,96.3,0.8
20190117173137,0.0,0.0,0.0,0.5,2.3,0.0,95.0,2.2
20190117173207,0.0,0.0,0.0,1.2,2.6,0.0,95.2,1.0
20190117173237,0.0,0.0,0.0,1.5,6.6,0.0,90.6,1.3
20190117173307,0.0,0.0,0.0,0.4,6.5,0.0,92.8,0.3
20190117173337,0.0,0.0,0.0,0.8,5.6,0.0,92.2,1.4
20190117173407,0.0,0.0,0.0,0.2,8.8,0.0,90.9,0.2
20190117173437,0.0,0.0,0.0,0.3,2.2,0.0,97.4,0.1
20190117173507,0.0,0.0,0.0,0.4,5.4,0.0,93.1,1.1
20190117173537,0.0,0.0,0.0,0.2,3.1,0.0,96.5,0.2
20190117173607,0.0,0.0,0.0,0.5,4.4,0.0,94.8,0.3
20190117173637,0.0,0.0,0.0,0.4,5.4,0.0,93.9,0.3
20190117173707,0.0,0.0,0.0,0.3,2.0,0.0,97.5,0.2
20190117173737,0.0,0.0,0.0,0.7,1.3,0.0,97.6,0.3
20190117173807,0.0,0.0,0.0,1.6,5.0,0.0,92.8,0.5
20190117173837,0.0,0.0,0.0,1.1,3.1,0.0,95.7,0.1
20190117173907,0.0,0.0,0.0,3.7,6.6,0.0,89.1,0.6
20190117173937,0.0,0.0,0.0,1.7,2.3,0.0,95.6,0.4
20190117174007,0.0,0.0,0.0,0.4,1.8,0.0,97.5,0.3
20190117174037,0.0,0.0,0.0,1.3,3.7,0.0,94.4,0.6
20190117174107,0.0,0.0,0.0,0.4,2.4,0.0,96.6,0.6
20190117174137,0.0,0.0,0.0,1.5,2.9,0.0,94.9,0.7
20190117174207,0.0,0.0,0.0,1.0,2.0,0.0,96.0,1.0
20190117174237,0.0,0.0,0.0,2.2,4.8,0.0,90.3,2.8
20190117174307,0.0,0.0,0.0,1.2,1.8,0.0,96.4,0.5
20190117174337,0.0,0.0,0.0,1.4,7.4,0.0,90.0,1.3
20190117174407,0.0,0.0,0.0,1.0,3.7,0.0,94.6,0.7
20190117174437,0.0,0.0,0.0,1.0,12.3,0.0,86.1,0.7
20190117174507,0.0,0.0,0.0,1.3,3.4,0.0,94.8,0.5
20190117174537,0.0,0.0,0.0,4.4,4.4,0.0,90.7,0.6
20190117174607,0.0,0.0,0.0,0.8,1.9,0.0,97.0,0.3
20190117174637,0.0,0.0,0.0,2.1,2.7,0.0,94.2,0.9
20190117174707,0.0,0.0,0.0,0.6,1.2,0.0,97.9,0.2
20190117174737,0.0,0.0,0.0,2.0,4.5,0.0,91.7,1.8
20190117174807,0.0,0.0,0.0,3.0,5.0,0.0,91.2,0.8
20190117174837,0.0,0.0,0.0,1.4,7.7,0.0,89.6,1.4
20190117174907,0.0,0.0,0.0,3.1,5.0,0.0,89.8,2.1
20190117174937,0.0,0.0,0.0,1.8,6.3,0.0,88.8,3.1
20190117175007,0.0,0.0,0.0,0.5,1.3,0.0,96.8,1.4
20190117175037,0.0,0.0,0.0,2.6,5.8,0.0,89.6,2.0
20190117175107,0.0,0.0,0.0,2.1,7.1,0.0,88.9,1.9
20190117175137,0.0,0.0,0.0,1.8,20.7,0.0,76.9,0.5
20190117175207,0.0,0.0,0.0,1.8,13.1,0.0,83.6,1.5
20190117175237,0.0,0.0,0.0,3.3,17.8,0.0,76.6,2.3
20190117175307,0.0,0.0,0.0,0.2,3.0,0.0,96.7,0.1
20190117175337,0.0,0.0,0.0,0.4,4.0,0.0,95.4,0.3
20190117175408,0.0,0.0,0.0,0.7,3.6,0.0,95.4,0.2
20190117175438,0.0,0.0,0.0,0.6,7.5,0.0,91.7,0.2
20190117175508,0.0,0.0,0.0,1.5,7.9,0.0,90.1,0.5
20190117175538,0.0,0.0,0.0,0.9,13.1,0.0,85.6,0.4
20190117175608,0.0,0.0,0.0,1.0,7.6,0.0,91.2,0.3
20190117175638,0.0,0.0,0.0,3.9,5.4,0.0,90.0,0.6
20190117175708,0.0,0.0,0.0,1.7,6.1,0.0,91.8,0.4
20190117175738,0.0,0.0,0.0,3.1,14.1,0.0,82.6,0.2
20190117175808,0.0,0.0,0.0,6.6,7.0,0.0,84.8,1.6
20190117175838,0.0,0.0,0.0,8.8,10.1,0.0,79.7,1.4
20190117175908,0.0,0.0,0.0,5.2,5.3,0.0,89.0,0.5
20190117175938,0.0,0.0,0.0,3.9,13.5,0.0,81.5,1.1
20190117180008,0.0,0.0,0.0,3.1,11.3,0.0,85.1,0.5
20190117180038,0.0,0.0,0.0,9.0,13.7,0.0,76.8,0.5
20190117180108,0.0,0.0,0.0,3.3,5.3,0.0,89.3,2.1
20190117180138,0.0,0.0,0.0,1.6,21.9,0.0,75.5,0.9
20190117180208,0.0,0.0,0.0,3.7,7.0,0.0,88.5,0.9
20190117180238,0.0,0.0,0.0,3.7,9.9,0.0,85.8,0.5
20190117180308,0.0,0.0,0.0,2.8,7.6,0.0,89.2,0.5
20190117180338,0.0,0.0,0.0,2.3,4.6,0.0,92.3,0.7
20190117180408,0.0,0.0,0.0,2.5,11.3,0.0,85.2,1.0
20190117180438,0.0,0.0,0.0,4.8,3.2,0.0,90.5,1.5
20190117180508,0.0,0.0,0.0,5.8,2.7,0.0,89.7,1.8
20190117180538,0.0,0.0,0.0,1.7,4.2,0.0,92.7,1.3
20190117180608,0.0,0.0,0.0,2.8,1.9,0.0,92.9,2.4
20190117180638,0.0,0.0,0.0,3.2,4.8,0.0,90.7,1.3
20190117180708,0.0,0.0,0.0,5.7,6.2,0.0,81.9,6.2
20190117180738,0.0,0.0,0.0,7.4,7.0,0.0,74.3,11.2
20190117180808,0.0,0.0,0.0,4.6,10.9,0.0,76.6,7.8
20190117180838,0.0,0.0,0.0,0.6,0.8,0.0,97.4,1.2
20190117180908,0.0,0.0,0.0,2.1,3.6,0.0,89.8,4.5
20190117180938,0.0,0.0,0.0,4.1,4.0,0.0,79.3,12.6
20190117181008,0.0,0.0,0.0,4.2,2.6,0.0,86.3,7.0
20190117181038,0.0,0.0,0.0,1.9,4.8,0.0,87.8,5.5
20190117181108,0.0,0.0,0.0,0.6,3.3,0.0,93.9,2.2
20190117181138,0.0,0.0,0.0,0.2,1.1,0.0,98.2,0.5
20190117181208,0.0,0.0,0.0,0.7,3.8,0.0,94.4,1.0
20190117181238,0.0,0.0,0.0,1.1,3.4,0.0,89.9,5.6
20190117181308,0.0,0.0,0.0,0.7,4.2,0.0,93.3,1.8
20190117181338,0.0,0.0,0.0,1.2,3.8,0.0,90.7,4.3
20190117181408,0.0,0.0,0.0,0.7,2.6,0.0,89.4,7.2
20190117181438,0.0,0.0,0.0,0.4,1.6,0.0,97.4,0.6
20190117181508,0.0,0.0,0.0,2.2,3.3,0.0,92.6,1.9
20190117181538,0.0,0.0,0.0,4.4,2.4,0.0,88.5,4.7
20190117181608,0.0,0.0,0.0,2.0,6.1,0.0,89.9,2.1
20190117181638,0.0,0.0,0.0,3.1,8.0,0.0,60.1,28.8
20190117181708,0.0,0.0,0.0,0.5,6.0,0.0,89.3,4.1
20190117181738,0.0,0.0,0.0,0.5,1.9,0.0,96.5,1.0
20190117181808,0.0,0.0,0.0,0.8,4.6,0.0,93.0,1.7
20190117181838,0.0,0.0,0.0,3.6,7.0,0.0,83.9,5.5
20190117181908,0.0,0.0,0.0,0.4,3.6,0.0,94.3,1.7
20190117181938,0.0,0.0,0.0,0.4,1.8,0.0,96.2,1.6
20190117182008,0.0,0.0,0.0,4.1,31.6,0.0,56.2,8.0
20190117182038,0.0,0.0,0.0,6.4,79.1,0.0,14.2,0.3
20190117182108,0.0,0.0,0.0,7.2,48.6,0.0,43.0,1.1
20190117182138,0.0,0.0,0.0,4.9,65.0,0.0,29.8,0.3
20190117182208,0.0,0.0,0.0,2.7,28.8,0.0,68.1,0.3
20190117182238,0.0,0.0,0.0,0.6,6.4,0.0,92.1,1.0
20190117182308,0.0,0.0,0.0,1.9,2.5,0.0,92.8,2.8
20190117182338,0.0,0.0,0.0,0.7,2.3,0.0,95.3,1.6
20190117182408,0.0,0.0,0.0,0.7,3.4,0.0,94.7,1.2
20190117182438,0.0,0.0,0.0,3.1,1.8,0.0,92.7,2.5
20190117182508,0.0,0.0,0.0,2.5,3.0,0.0,89.9,4.7
20190117182538,0.0,0.0,0.0,0.9,1.9,0.0,96.4,0.7
20190117182608,0.0,0.0,0.0,2.3,2.3,0.0,94.5,0.9
20190117182638,0.0,0.0,0.0,0.5,1.1,0.0,98.0,0.4
20190117182708,0.0,0.0,0.0,0.9,4.1,0.0,93.4,1.6
20190117182738,0.0,0.0,0.0,0.6,3.1,0.0,95.9,0.4
20190117182808,0.0,0.0,0.0,0.3,1.2,0.0,98.2,0.4
20190117182839,0.0,0.0,0.0,1.9,4.6,0.0,93.0,0.5
20190117182909,0.0,0.0,0.0,0.9,5.0,0.0,92.1,2.0
20190117182939,0.0,0.0,0.0,0.6,3.7,0.0,94.3,1.4
20190117183009,0.0,0.0,0.0,0.9,4.2,0.0,93.9,1.0
20190117183039,0.0,0.0,0.0,0.5,2.8,0.0,96.0,0.7
20190117183109,0.0,0.0,0.0,1.0,5.2,0.0,92.5,1.3
20190117183139,0.0,0.0,0.0,0.4,1.4,0.0,97.8,0.4
20190117183209,0.0,0.0,0.0,0.8,2.4,0.0,95.9,0.9
20190117183239,0.0,0.0,0.0,0.5,1.6,0.0,97.6,0.3
20190117183309,0.0,0.0,0.0,1.4,6.9,0.0,90.6,1.1
20190117183339,0.0,0.0,0.0,0.5,3.3,0.0,95.7,0.5
20190117183409,0.0,0.0,0.0,0.3,3.4,0.0,95.3,1.0
20190117183439,0.0,0.0,0.0,0.7,7.6,0.0,90.8,0.9
20190117183509,0.0,0.0,0.0,0.4,1.7,0.0,97.6,0.2
20190117183539,0.0,0.0,0.0,0.4,3.5,0.0,95.2,0.9
20190117183609,0.0,0.0,0.0,0.1,0.9,0.0,98.7,0.3
20190117183639,0.0,0.0,0.0,0.3,3.4,0.0,95.8,0.5
20190117183709,0.0,0.0,0.0,0.2,3.3,0.0,95.8,0.7
20190117183739,0.0,0.0,0.0,0.6,6.9,0.0,88.7,3.8
20190117183809,0.0,0.0,0.0,0.9,7.5,0.0,89.1,2.4
20190117183839,0.0,0.0,0.0,1.0,12.7,0.0,84.5,1.7
20190117183909,0.0,0.0,0.0,3.0,7.5,0.0,86.1,3.4
20190117183939,0.0,0.0,0.0,0.5,4.6,0.0,94.0,0.8
20190117184009,0.0,0.0,0.0,0.5,12.5,0.0,85.9,1.1
20190117184039,0.0,0.0,0.0,3.0,54.1,0.0,42.5,0.4
20190117184109,0.0,0.0,0.0,1.0,41.6,0.0,51.4,6.1
20190117184139,0.0,0.0,0.0,0.1,6.0,0.0,93.0,0.9
20190117184209,0.0,0.0,0.0,0.9,14.6,0.0,82.9,1.5
20190117184239,0.0,0.0,0.0,3.7,19.3,0.0,75.8,1.2
20190117184309,0.0,0.0,0.0,4.5,24.0,0.0,67.2,4.3
20190117184339,0.0,0.0,0.0,1.4,5.4,0.0,91.4,1.9
20190117184409,0.0,0.0,0.0,0.8,11.8,0.0,83.9,3.5
20190117184439,0.0,0.0,0.0,3.9,24.5,0.0,70.7,0.9
20190117184509,0.0,0.0,0.0,12.8,28.9,0.0,55.1,3.1
20190117184539,0.0,0.0,0.0,3.1,18.5,0.0,70.5,7.9
20190117184609,0.0,0.0,0.0,3.8,5.5,0.0,88.3,2.4
20190117184639,0.0,0.0,0.0,0.6,3.0,0.0,95.2,1.1
20190117184709,0.0,0.0,0.0,5.9,3.1,0.0,89.1,1.9
20190117184739,0.0,0.0,0.0,3.0,2.5,0.0,93.9,0.6
20190117184809,0.0,0.0,0.0,1.3,6.4,0.0,90.8,1.4
20190117184839,0.0,0.0,0.0,0.4,2.0,0.0,96.1,1.5
20190117184909,0.0,0.0,0.0,5.1,8.4,0.0,74.4,12.1
20190117184939,0.0,0.0,0.0,2.0,40.0,0.0,34.7,23.3
20190117185009,0.0,0.0,0.0,8.3,18.4,0.0,34.1,39.2
20190117185039,0.0,0.0,0.0,3.8,9.0,0.0,81.1,6.0
20190117185109,0.0,0.0,0.0,6.4,12.8,0.0,35.3,45.5
20190117185139,0.0,0.0,0.0,1.4,8.9,0.0,78.9,10.8
20190117185209,0.0,0.0,0.0,2.6,22.9,0.0,41.2,33.3
20190117185239,0.0,0.0,0.0,1.1,10.1,0.0,59.5,29.3
20190117185309,0.0,0.0,0.0,8.4,12.0,0.0,76.0,3.5
20190117185339,0.0,0.0,0.0,40.6,19.6,0.0,39.0,0.8
20190117185409,0.0,0.0,0.0,14.0,28.2,0.0,55.5,2.2
20190117185439,0.0,0.0,0.0,1.3,6.6,0.0,90.8,1.4
20190117185509,0.0,0.0,0.0,0.9,5.3,0.0,88.8,5.0
20190117185539,0.0,0.0,0.0,1.0,19.9,0.0,59.8,19.3
20190117185609,0.0,0.0,0.0,0.7,3.0,0.0,95.1,1.2
20190117185639,0.0,0.0,0.0,0.7,5.7,0.0,92.4,1.2
20190117185709,0.0,0.0,0.0,0.1,0.6,0.0,99.2,0.1
20190117185739,0.0,0.0,0.0,0.2,1.9,0.0,97.4,0.6
20190117185809,0.0,0.0,0.0,0.1,1.2,0.0,98.3,0.5
20190117185839,0.0,0.0,0.0,0.9,5.5,0.0,93.3,0.3
20190117185909,0.0,0.0,0.0,0.2,3.0,0.0,95.8,1.1
20190117185939,0.0,0.0,0.0,0.1,5.9,0.0,93.2,0.8
20190117190009,0.0,0.0,0.0,0.4,1.7,0.0,97.6,0.4
20190117190039,0.0,0.0,0.0,0.0,1.4,0.0,98.4,0.1
20190117190109,0.0,0.0,0.0,0.1,2.3,0.0,96.9,0.7
20190117190139,0.0,0.0,0.0,0.2,2.8,0.0,96.1,1.0
20190117190209,0.0,0.0,0.0,0.1,4.5,0.0,94.5,0.9
20190117190240,0.0,0.0,0.0,0.0,1.5,0.0,98.3,0.1
20190117190310,0.0,0.0,0.0,0.0,1.4,0.0,98.4,0.2
20190117190340,0.0,0.0,0.0,0.1,5.8,0.0,92.8,1.3
20190117190410,0.0,0.0,0.0,0.1,4.1,0.0,95.5,0.4
20190117190440,0.0,0.0,0.0,0.0,7.0,0.0,92.6,0.4
20190117190510,0.0,0.0,0.0,0.1,4.7,0.0,94.5,0.7
20190117190540,0.0,0.0,0.0,0.1,4.0,0.0,94.8,1.2
20190117190610,0.0,0.0,0.0,0.0,7.5,0.0,90.0,2.5
20190117190640,0.0,0.0,0.0,0.1,2.3,0.0,97.0,0.6
20190117190710,0.0,0.0,0.0,0.0,3.7,0.0,95.6,0.7
20190117190740,0.0,0.0,0.0,0.1,4.2,0.0,93.6,2.1
20190117190810,0.0,0.0,0.0,0.0,0.6,0.0,99.3,0.1
20190117190840,0.0,0.0,0.0,0.1,1.7,0.0,97.4,0.9
20190117190910,0.0,0.0,0.0,0.0,1.3,0.0,98.2,0.5
20190117190940,0.0,0.0,0.0,0.0,0.7,0.0,98.5,0.8
20190117191010,0.0,0.0,0.0,0.0,2.0,0.0,97.2,0.8
20190117191040,0.0,0.0,0.0,0.0,2.0,0.0,97.8,0.2
20190117191110,0.0,0.0,0.0,0.0,0.7,0.0,99.2,0.1
20190117191140,0.0,0.0,0.0,0.0,2.3,0.0,97.4,0.2
20190117191210,0.0,0.0,0.0,0.1,2.5,0.0,97.0,0.5
20190117191240,0.0,0.0,0.0,0.1,1.6,0.0,97.9,0.4
20190117191310,0.0,0.0,0.0,0.1,2.5,0.0,96.1,1.4
20190117191340,0.0,0.0,0.0,0.1,1.7,0.0,97.9,0.4
20190117191410,0.0,0.0,0.0,0.0,2.1,0.0,97.2,0.7
20190117191440,0.0,0.0,0.0,0.1,2.2,0.0,96.7,1.0
20190117191510,0.0,0.0,0.0,0.0,1.8,0.0,97.4,0.8
20190117191540,0.0,0.0,0.0,0.1,0.9,0.0,98.7,0.4
20190117191610,0.0,0.0,0.0,0.1,0.9,0.0,98.2,0.8
20190117191640,0.0,0.0,0.0,0.0,0.7,0.0,99.1,0.2
20190117191710,0.0,0.0,0.0,0.1,4.7,0.0,94.1,1.1
20190117191740,0.0,0.0,0.0,0.0,2.7,0.0,96.7,0.5
20190117191810,0.0,0.0,0.0,0.0,0.4,0.0,99.4,0.2
20190117191840,0.0,0.0,0.0,0.1,0.7,0.0,98.6,0.6
20190117191910,0.0,0.0,0.0,0.1,2.5,0.0,96.2,1.3
20190117191940,0.0,0.0,0.0,0.1,2.1,0.0,93.7,4.1
20190117192010,0.0,0.0,0.0,0.0,0.7,0.0,98.4,0.8
20190117192040,0.0,0.0,0.0,0.1,1.6,0.0,97.6,0.7
20190117192110,0.0,0.0,0.0,0.0,0.6,0.0,99.1,0.3
20190117192140,0.0,0.0,0.0,0.0,0.5,0.0,98.8,0.6
20190117192210,0.0,0.0,0.0,0.0,0.6,0.0,99.0,0.4
20190117192240,0.0,0.0,0.0,0.0,0.2,0.0,99.5,0.3
20190117192310,0.0,0.0,0.0,0.0,0.2,0.0,99.4,0.4
20190117192340,0.0,0.0,0.0,0.0,0.2,0.0,99.6,0.1
20190117192410,0.0,0.0,0.0,0.0,0.6,0.0,98.8,0.5
20190117192440,0.0,0.0,0.0,0.0,0.3,0.0,99.4,0.3
20190117192510,0.0,0.0,0.0,0.0,0.4,0.0,99.5,0.1
20190117192540,0.0,0.0,0.0,0.0,0.2,0.0,99.7,0.1
20190117192610,0.0,0.0,0.0,0.0,0.2,0.0,99.6,0.2
20190117192640,0.0,0.0,0.0,0.0,0.4,0.0,99.5,0.1
20190117192710,0.0,0.0,0.0,0.0,0.3,0.0,99.6,0.1
20190117192740,0.0,0.0,0.0,0.0,0.3,0.0,99.6,0.1
20190117192810,0.0,0.0,0.0,0.0,0.2,0.0,99.7,0.1
20190117192840,0.0,0.0,0.0,0.0,0.2,0.0,99.6,0.1
20190117192910,0.0,0.0,0.0,0.0,0.8,0.0,98.7,0.5
20190117192940,0.0,0.0,0.0,0.1,0.7,0.0,99.0,0.2
20190117193011,0.0,0.0,0.0,0.1,0.7,0.0,98.2,1.0
20190117193041,0.0,0.0,0.0,0.0,1.8,0.0,97.9,0.3
20190117193111,0.0,0.0,0.0,0.0,0.4,0.0,99.5,0.2
20190117193141,0.0,0.0,0.0,0.0,0.4,0.0,99.1,0.5
20190117193211,0.0,0.0,0.0,0.0,0.7,0.0,99.1,0.2
20190117193241,0.0,0.0,0.0,0.1,0.7,0.0,98.9,0.4
20190117193311,0.0,0.0,0.0,0.0,0.6,0.0,99.1,0.3
20190117193341,0.0,0.0,0.0,0.1,0.5,0.0,99.3,0.1
20190117193411,0.0,0.0,0.0,0.0,0.3,0.0,99.7,0.1
20190117193441,0.0,0.0,0.0,0.0,0.3,0.0,99.5,0.1
20190117193511,0.0,0.0,0.0,0.0,0.1,0.0,99.8,0.1
20190117193541,0.0,0.0,0.0,0.0,0.5,0.0,99.0,0.5
20190117193611,0.0,0.0,0.0,0.0,0.3,0.0,99.6,0.1
20190117193641,0.0,0.0,0.0,0.0,1.1,0.0,98.7,0.2
20190117193711,0.0,0.0,0.0,0.0,2.0,0.0,97.6,0.4
20190117193741,0.0,0.0,0.0,0.0,0.2,0.0,99.8,0.0
20190117193811,0.0,0.0,0.0,0.0,1.2,0.0,98.1,0.7
20190117193841,0.0,0.0,0.0,0.0,0.9,0.0,98.9,0.2
20190117193911,0.0,0.0,0.0,0.0,0.3,0.0,99.7,0.0
20190117193941,0.0,0.0,0.0,0.2,1.4,0.0,98.1,0.3
20190117194011,0.0,0.0,0.0,0.0,2.0,0.0,97.7,0.3
20190117194041,0.0,0.0,0.0,0.0,0.9,0.0,98.9,0.2
20190117194111,0.0,0.0,0.0,0.0,1.6,0.0,98.0,0.3
20190117194141,0.0,0.0,0.0,0.0,0.8,0.0,99.0,0.2
20190117194211,0.0,0.0,0.0,0.0,0.2,0.0,99.5,0.3
20190117194241,0.0,0.0,0.0,0.0,0.3,0.0,99.6,0.2
20190117194311,0.0,0.0,0.0,0.0,0.1,0.0,99.6,0.2
20190117194341,0.0,0.0,0.0,0.0,0.1,0.0,99.8,0.1
20190117194411,0.0,0.0,0.0,0.1,0.9,0.0,97.1,1.9
20190117194441,0.0,0.0,0.0,0.1,0.6,0.0,98.2,1.1
20190117194511,0.0,0.0,0.0,0.0,0.3,0.0,99.6,0.1
20190117194541,0.0,0.0,0.0,0.0,0.4,0.0,99.4,0.3
20190117194611,0.0,0.0,0.0,0.1,0.4,0.0,98.6,0.9
20190117194641,0.0,0.0,0.0,0.0,0.1,0.0,99.7,0.2
20190117194711,0.0,0.0,0.0,0.0,0.4,0.0,99.4,0.2
20190117194741,0.0,0.0,0.0,0.0,0.2,0.0,99.5,0.3
20190117194811,0.0,0.0,0.0,0.1,1.5,0.0,98.0,0.4
20190117194841,0.0,0.0,0.0,0.1,1.3,0.0,98.2,0.4
20190117194911,0.0,0.0,0.0,0.0,0.4,0.0,99.2,0.4
20190117194941,0.0,0.0,0.0,0.1,0.9,0.0,97.9,1.1
20190117195011,0.0,0.0,0.0,0.0,0.2,0.0,99.4,0.4
20190117195041,0.0,0.0,0.0,0.1,0.8,0.0,98.4,0.7
20190117195111,0.0,0.0,0.0,0.1,0.6,0.0,98.6,0.7
20190117195141,0.0,0.0,0.0,0.0,0.3,0.0,99.3,0.3
20190117195211,0.0,0.0,0.0,0.0,0.8,0.0,99.1,0.1
20190117195241,0.0,0.0,0.0,0.0,0.3,0.0,99.6,0.2
20190117195311,0.0,0.0,0.0,0.0,0.4,0.0,99.4,0.2
20190117195341,0.0,0.0,0.0,0.1,0.5,0.0,98.9,0.5
20190117195411,0.0,0.0,0.0,0.1,0.5,0.0,99.2,0.2
20190117195441,0.0,0.0,0.0,0.0,0.6,0.0,98.9,0.4
20190117195511,0.0,0.0,0.0,0.1,1.2,0.0,97.8,1.0
20190117195541,0.0,0.0,0.0,0.1,0.7,0.0,98.7,0.6
20190117195611,0.0,0.0,0.0,0.1,0.7,0.0,98.8,0.5
20190117195641,0.0,0.0,0.0,0.1,0.7,0.0,98.7,0.5
20190117195711,0.0,0.0,0.0,0.1,0.4,0.0,99.3,0.3
20190117195741,0.0,0.0,0.0,0.0,0.6,0.0,99.0,0.4
20190117195811,0.0,0.0,0.0,0.0,0.2,0.0,99.7,0.1
20190117195841,0.0,0.0,0.0,0.0,0.4,0.0,99.3,0.2
20190117195911,0.0,0.0,0.0,0.1,0.8,0.0,98.7,0.3
20190117195941,0.0,0.0,0.0,0.0,0.4,0.0,99.5,0.1
20190117200011,0.0,0.0,0.0,0.0,1.2,0.0,98.3,0.5
20190117200041,0.0,0.0,0.0,0.2,1.9,0.0,97.5,0.4
20190117200111,0.0,0.0,0.0,0.1,1.3,0.0,97.7,1.0
20190117200141,0.0,0.0,0.0,0.1,1.2,0.0,98.4,0.4
20190117200211,0.0,0.0,0.0,0.1,0.6,0.0,99.1,0.3
20190117200241,0.0,0.0,0.0,0.0,1.3,0.0,98.2,0.4
20190117200311,0.0,0.0,0.0,0.0,1.0,0.0,98.0,1.0
20190117200341,0.0,0.0,0.0,0.1,0.7,0.0,98.0,1.3
20190117200412,0.0,0.0,0.0,0.1,0.8,0.0,98.0,1.2
20190117200442,0.0,0.0,0.0,0.0,0.8,0.0,98.3,0.8
20190117200512,0.0,0.0,0.0,0.1,0.9,0.0,98.1,0.9
20190117200542,0.0,0.0,0.0,0.0,0.1,0.0,99.5,0.3
20190117200612,0.0,0.0,0.0,0.1,0.6,0.0,98.8,0.5
20190117200642,0.0,0.0,0.0,0.2,1.4,0.0,96.6,1.8
20190117200712,0.0,0.0,0.0,0.1,0.5,0.0,98.6,0.8
20190117200742,0.0,0.0,0.0,0.1,0.7,0.0,98.4,0.9
20190117200812,0.0,0.0,0.0,0.6,2.0,0.0,92.7,4.6
20190117200842,0.0,0.0,0.0,0.1,0.9,0.0,97.7,1.3
20190117200912,0.0,0.0,0.0,0.2,3.8,0.0,94.5,1.5
20190117200942,0.0,0.0,0.0,0.2,1.3,0.0,96.1,2.4
20190117201012,0.0,0.0,0.0,0.1,0.5,0.0,95.9,3.5
20190117201042,0.0,0.0,0.0,0.1,0.9,0.0,98.3,0.7
20190117201112,0.0,0.0,0.0,0.4,2.8,0.0,91.7,5.1
20190117201142,0.0,0.0,0.0,0.1,0.5,0.0,98.9,0.5
20190117201212,0.0,0.0,0.0,0.4,0.5,0.0,98.3,0.8
20190117201242,0.0,0.0,0.0,0.4,1.1,0.0,97.3,1.2
20190117201312,0.0,0.0,0.0,0.1,0.7,0.0,97.9,1.2
20190117201342,0.0,0.0,0.0,0.4,0.5,0.0,98.5,0.6
20190117201412,0.0,0.0,0.0,0.1,0.4,0.0,98.9,0.6
20190117201442,0.0,0.0,0.0,0.5,0.3,0.0,98.3,1.0
20190117201512,0.0,0.0,0.0,0.2,1.0,0.0,97.7,1.1
20190117201542,0.0,0.0,0.0,0.5,3.7,0.0,91.4,4.4
20190117201612,0.0,0.0,0.0,0.1,1.4,0.0,97.6,0.9
20190117201642,0.0,0.0,0.0,0.2,0.9,0.0,97.9,0.9
20190117201712,0.0,0.0,0.0,0.5,1.4,0.0,95.7,2.5
20190117201742,0.0,0.0,0.0,0.4,0.6,0.0,97.4,1.7
20190117201812,0.0,0.0,0.0,0.4,1.6,0.0,95.9,2.0
20190117201842,0.0,0.0,0.0,0.3,0.7,0.0,98.3,0.7
20190117201912,0.0,0.0,0.0,0.2,0.7,0.0,98.6,0.5
20190117201942,0.0,0.0,0.0,0.9,1.8,0.0,96.3,1.0
20190117202012,0.0,0.0,0.0,0.9,2.6,0.0,95.4,1.1
20190117202042,0.0,0.0,0.0,0.2,0.7,0.0,98.5,0.7
20190117202112,0.0,0.0,0.0,0.1,0.2,0.0,99.4,0.4
20190117202142,0.0,0.0,0.0,0.2,0.3,0.0,99.2,0.4
20190117202212,0.0,0.0,0.0,0.2,0.2,0.0,98.8,0.7
20190117202242,0.0,0.0,0.0,0.3,0.5,0.0,98.2,1.0
20190117202312,0.0,0.0,0.0,0.2,0.3,0.0,98.0,1.5
20190117202342,0.0,0.0,0.0,0.3,0.6,0.0,97.1,2.0
20190117202412,0.0,0.0,0.0,0.3,0.5,0.0,96.2,3.0
20190117202442,0.0,0.0,0.0,0.2,0.2,0.0,98.6,1.0
20190117202512,0.0,0.0,0.0,0.2,0.3,0.0,98.4,1.1
20190117202542,0.0,0.0,0.0,0.1,0.1,0.0,99.6,0.3
20190117202612,0.0,0.0,0.0,0.1,0.2,0.0,99.4,0.3
20190117202642,0.0,0.0,0.0,0.1,0.1,0.0,99.5,0.3
20190117202712,0.0,0.0,0.0,0.1,0.2,0.0,99.4,0.2
20190117202742,0.0,0.0,0.0,0.1,0.2,0.0,99.3,0.4
20190117202812,0.0,0.0,0.0,0.1,0.1,0.0,99.5,0.3
20190117202842,0.0,0.0,0.0,0.1,0.3,0.0,99.5,0.1
20190117202912,0.0,0.0,0.0,0.1,0.4,0.0,99.4,0.1
20190117202942,0.0,0.0,0.0,0.2,0.2,0.0,99.1,0.6
20190117203012,0.0,0.0,0.0,0.1,0.8,0.0,98.7,0.4
20190117203042,0.0,0.0,0.0,0.1,0.2,0.0,99.4,0.3
20190117203112,0.0,0.0,0.0,0.1,0.2,0.0,99.5,0.3
20190117203142,0.0,0.0,0.0,0.1,0.3,0.0,99.2,0.4
20190117203212,0.0,0.0,0.0,0.0,0.3,0.0,99.3,0.3
20190117203242,0.0,0.0,0.0,0.1,0.1,0.0,99.5,0.4
20190117203312,0.0,0.0,0.0,0.0,0.1,0.0,99.8,0.1
20190117203342,0.0,0.0,0.0,0.1,0.3,0.0,99.6,0.1
20190117203412,0.0,0.0,0.0,0.0,0.1,0.0,99.7,0.1
20190117203442,0.0,0.0,0.0,0.0,0.1,0.0,99.8,0.1
20190117203512,0.0,0.0,0.0,0.0,0.2,0.0,99.6,0.2
20190117203542,0.0,0.0,0.0,0.0,0.1,0.0,99.8,0.1
20190117203612,0.0,0.0,0.0,0.0,0.1,0.0,99.9,0.0
20190117203642,0.0,0.0,0.0,0.0,0.2,0.0,99.5,0.2
20190117203712,0.0,0.0,0.0,0.0,0.3,0.0,99.4,0.3
20190117203742,0.0,0.0,0.0,0.0,0.1,0.0,99.8,0.1
20190117203812,0.0,0.0,0.0,0.0,0.2,0.0,99.7,0.1
20190117203843,0.0,0.0,0.0,0.1,0.6,0.0,99.2,0.1
20190117203913,0.0,0.0,0.0,0.1,0.6,0.0,99.2,0.1
20190117203943,0.0,0.0,0.0,0.2,0.9,0.0,98.6,0.3
20190117204013,0.0,0.0,0.0,0.1,0.3,0.0,99.4,0.2
20190117204043,0.0,0.0,0.0,0.1,0.2,0.0,99.4,0.3
20190117204113,0.0,0.0,0.0,0.1,0.4,0.0,99.2,0.3
20190117204143,0.0,0.0,0.0,0.1,0.2,0.0,99.4,0.2
20190117204213,0.0,0.0,0.0,0.1,0.3,0.0,99.4,0.1
20190117204243,0.0,0.0,0.0,0.0,0.1,0.0,99.8,0.1
20190117204313,0.0,0.0,0.0,0.0,0.1,0.0,99.7,0.1
20190117204343,0.0,0.0,0.0,0.1,0.9,0.0,97.9,1.0
20190117204413,0.0,0.0,0.0,0.1,0.2,0.0,99.0,0.7
20190117204443,0.0,0.0,0.0,0.0,0.2,0.0,99.6,0.2
20190117204513,0.0,0.0,0.0,0.0,0.9,0.0,98.8,0.2
20190117204543,0.0,0.0,0.0,0.1,0.4,0.0,99.1,0.3
20190117204613,0.0,0.0,0.0,0.1,0.1,0.0,99.6,0.1
20190117204643,0.0,0.0,0.0,0.1,0.5,0.0,98.9,0.4
20190117204713,0.0,0.0,0.0,0.2,0.3,0.0,99.2,0.3
20190117204743,0.0,0.0,0.0,0.4,0.5,0.0,98.9,0.2
20190117204813,0.0,0.0,0.0,0.0,0.3,0.0,99.6,0.1
20190117204843,0.0,0.0,0.0,0.0,0.2,0.0,99.7,0.0
20190117204913,0.0,0.0,0.0,0.1,0.2,0.0,99.6,0.1
20190117204943,0.0,0.0,0.0,0.2,0.5,0.0,99.2,0.2
20190117205013,0.0,0.0,0.0,0.2,0.1,0.0,99.5,0.1
20190117205043,0.0,0.0,0.0,0.3,0.6,0.0,98.9,0.2
20190117205113,0.0,0.0,0.0,0.0,0.1,0.0,99.8,0.0
20190117205143,0.0,0.0,0.0,0.1,0.2,0.0,99.6,0.1
20190117205213,0.0,0.0,0.0,0.2,0.4,0.0,98.8,0.5
20190117205243,0.0,0.0,0.0,0.1,0.2,0.0,99.6,0.1
20190117205313,0.0,0.0,0.0,0.1,0.2,0.0,99.4,0.3
20190117205343,0.0,0.0,0.0,0.0,0.1,0.0,99.7,0.1
20190117205413,0.0,0.0,0.0,0.3,0.3,0.0,99.2,0.3
20190117205443,0.0,0.0,0.0,0.0,0.2,0.0,99.6,0.1
20190117205513,0.0,0.0,0.0,0.3,0.2,0.0,99.4,0.1
20190117205543,0.0,0.0,0.0,0.1,0.4,0.0,99.3,0.2
20190117205613,0.0,0.0,0.0,0.1,0.4,0.0,99.2,0.4
20190117205643,0.0,0.0,0.0,0.3,0.6,0.0,99.0,0.2
20190117205713,0.0,0.0,0.0,0.4,0.4,0.0,98.6,0.6
20190117205743,0.0,0.0,0.0,0.1,0.3,0.0,99.3,0.2
20190117205813,0.0,0.0,0.0,0.1,0.3,0.0,99.5,0.1
20190117205843,0.0,0.0,0.0,0.1,0.1,0.0,99.8,0.1
20190117205913,0.0,0.0,0.0,0.2,0.9,0.0,98.4,0.5
20190117205943,0.0,0.0,0.0,0.0,0.1,0.0,99.8,0.1
20190117210013,0.0,0.0,0.0,0.0,0.2,0.0,99.7,0.1
20190117210043,0.0,0.0,0.0,0.0,0.5,0.0,99.3,0.1
20190117210113,0.0,0.0,0.0,0.0,0.2,0.0,99.6,0.1
20190117210143,0.0,0.0,0.0,0.1,0.2,0.0,99.6,0.2
20190117210213,0.0,0.0,0.0,0.0,0.1,0.0,99.8,0.1
20190117210243,0.0,0.0,0.0,0.0,0.1,0.0,99.8,0.1
20190117210313,0.0,0.0,0.0,0.0,0.1,0.0,99.9,0.1
20190117210343,0.0,0.0,0.0,0.0,0.1,0.0,99.8,0.1
20190117210413,0.0,0.0,0.0,0.0,0.1,0.0,99.9,0.0
20190117210443,0.0,0.0,0.0,0.0,0.0,0.0,99.9,0.0
20190117210513,0.0,0.0,0.0,0.0,0.0,0.0,99.9,0.1
20190117210543,0.0,0.0,0.0,0.0,0.2,0.0,99.6,0.2
20190117210613,0.0,0.0,0.0,0.0,0.0,0.0,99.9,0.0
20190117210643,0.0,0.0,0.0,0.0,0.1,0.0,99.8,0.1
20190117210713,0.0,0.0,0.0,0.0,0.1,0.0,99.8,0.1
20190117210743,0.0,0.0,0.0,0.0,0.0,0.0,99.9,0.0
20190117210813,0.0,0.0,0.0,0.0,0.1,0.0,99.8,0.1
20190117210843,0.0,0.0,0.0,0.0,0.1,0.0,99.8,0.1
20190117210913,0.0,0.0,0.0,0.0,0.5,0.0,99.4,0.2
20190117210944,0.0,0.0,0.0,0.1,0.6,0.0,99.1,0.2
20190117211014,0.0,0.0,0.0,0.1,0.8,0.0,98.8,0.3
20190117211044,0.0,0.0,0.0,0.0,0.2,0.0,99.5,0.2
20190117211114,0.0,0.0,0.0,0.0,0.1,0.0,99.8,0.1
20190117211144,0.0,0.0,0.0,0.0,0.6,0.0,99.1,0.2
20190117211214,0.0,0.0,0.0,0.1,0.3,0.0,99.4,0.3
20190117211244,0.0,0.0,0.0,0.1,0.2,0.0,99.6,0.1
20190117211314,0.0,0.0,0.0,0.0,0.0,0.0,99.9,0.0
20190117211344,0.0,0.0,0.0,0.0,0.1,0.0,99.7,0.2
20190117211414,0.0,0.0,0.0,0.2,0.5,0.0,99.0,0.4
20190117211444,0.0,0.0,0.0,0.0,0.1,0.0,99.8,0.1
20190117211514,0.0,0.0,0.0,0.0,0.0,0.0,99.9,0.1
20190117211544,0.0,0.0,0.0,0.0,0.0,0.0,99.9,0.0
20190117211614,0.0,0.0,0.0,0.0,0.0,0.0,99.9,0.1
20190117211644,0.0,0.0,0.0,0.1,0.4,0.0,98.5,1.0
20190117211714,0.0,0.0,0.0,0.0,0.0,0.0,99.9,0.0
20190117211744,0.0,0.0,0.0,0.0,0.0,0.0,99.9,0.1
20190117211814,0.0,0.0,0.0,0.1,0.1,0.0,99.6,0.2
20190117211844,0.0,0.0,0.0,1.2,0.6,0.0,97.9,0.3
20190117211914,0.0,0.0,0.0,1.6,2.4,0.0,91.0,5.0
20190117211944,0.0,0.0,0.0,1.6,0.6,0.0,94.0,3.7
20190117212014,0.0,0.0,0.0,3.5,1.7,0.0,93.3,1.5
20190117212044,0.0,0.0,0.0,0.3,0.3,0.0,98.0,1.4
20190117212114,0.0,0.0,0.0,0.3,0.7,0.0,98.4,0.6
20190117212144,0.0,0.0,0.0,3.7,4.3,0.0,81.6,10.3
20190117212214,0.0,0.0,0.0,9.5,15.7,0.0,71.6,3.2
20190117212244,0.0,0.0,0.0,18.9,37.9,0.0,36.9,6.3
20190117212314,0.0,0.0,0.0,22.3,15.2,0.0,59.3,3.2
20190117212344,0.0,0.0,0.0,2.1,11.0,0.0,84.7,2.1
20190117212414,0.0,0.0,0.0,1.0,2.8,0.0,95.5,0.7
20190117212444,0.0,0.0,0.0,1.4,6.8,0.0,89.7,2.1
20190117212514,0.0,0.0,0.0,0.4,4.7,0.0,93.5,1.3
20190117212544,0.0,0.0,0.0,0.1,1.5,0.0,97.9,0.5
20190117212614,0.0,0.0,0.0,0.7,1.9,0.0,94.3,3.1
20190117212644,0.0,0.0,0.0,0.2,0.2,0.0,99.4,0.2
20190117212714,0.0,0.0,0.0,0.1,0.2,0.0,99.4,0.4
20190117212744,0.0,0.0,0.0,0.1,0.1,0.0,99.5,0.3
20190117212814,0.0,0.0,0.0,0.2,0.1,0.0,99.2,0.5
20190117212844,0.0,0.0,0.0,1.9,0.6,0.0,96.9,0.6
20190117212914,0.0,0.0,0.0,0.6,0.9,0.0,98.3,0.3
20190117212944,0.0,0.0,0.0,3.4,1.0,0.0,95.2,0.4
20190117213014,0.0,0.0,0.0,0.3,0.2,0.0,99.1,0.3
20190117213044,0.0,0.0,0.0,0.3,0.4,0.0,99.2,0.2
20190117213114,0.0,0.0,0.0,0.4,0.3,0.0,99.2,0.2
20190117213144,0.0,0.0,0.0,0.1,0.1,0.0,99.7,0.1
20190117213214,0.0,0.0,0.0,0.1,0.1,0.0,99.7,0.1
20190117213244,0.0,0.0,0.0,1.2,1.0,0.0,96.1,1.7
20190117213314,0.0,0.0,0.0,0.2,0.2,0.0,99.5,0.2
20190117213344,0.0,0.0,0.0,0.3,0.4,0.0,98.5,0.7
20190117213414,0.0,0.0,0.0,0.7,0.3,0.0,98.6,0.4
20190117213444,0.0,0.0,0.0,0.5,0.2,0.0,99.0,0.3
20190117213514,0.0,0.0,0.0,0.4,0.2,0.0,99.2,0.2
20190117213544,0.0,0.0,0.0,0.7,0.5,0.0,97.8,1.0
20190117213614,0.0,0.0,0.0,0.5,1.0,0.0,98.1,0.4
20190117213644,0.0,0.0,0.0,0.2,1.7,0.0,97.1,0.9
20190117213714,0.0,0.0,0.0,0.3,1.2,0.0,97.8,0.6
20190117213744,0.0,0.0,0.0,1.0,1.3,0.0,96.6,1.1
20190117213814,0.0,0.0,0.0,1.3,5.0,0.0,93.1,0.6
20190117213844,0.0,0.0,0.0,1.5,3.8,0.0,93.6,1.0
20190117213914,0.0,0.0,0.0,0.2,0.5,0.0,99.0,0.3
20190117213944,0.0,0.0,0.0,1.0,10.0,0.0,86.0,3.0
20190117214015,0.0,0.0,0.0,0.4,4.4,0.0,92.5,2.6
20190117214045,0.0,0.0,0.0,0.5,2.3,0.0,95.8,1.4
20190117214115,0.0,0.0,0.0,1.3,8.0,0.0,89.3,1.5
20190117214145,0.0,0.0,0.0,1.3,5.7,0.0,92.3,0.7
20190117214215,0.0,0.0,0.0,4.3,2.4,0.0,91.8,1.5
20190117214245,0.0,0.0,0.0,1.8,3.1,0.0,93.7,1.4
20190117214315,0.0,0.0,0.0,7.9,7.5,0.0,82.3,2.3
20190117214345,0.0,0.0,0.0,1.0,7.7,0.0,90.7,0.6
20190117214415,0.0,0.0,0.0,1.2,5.2,0.0,91.3,2.3
20190117214445,0.0,0.0,0.0,1.1,2.3,0.0,95.0,1.6
20190117214515,0.0,0.0,0.0,1.2,3.8,0.0,93.4,1.5
20190117214545,0.0,0.0,0.0,0.6,1.8,0.0,96.3,1.2
20190117214615,0.0,0.0,0.0,0.1,0.9,0.0,98.1,0.9
20190117214645,0.0,0.0,0.0,0.4,0.7,0.0,97.3,1.7
20190117214715,0.0,0.0,0.0,1.1,2.2,0.0,96.1,0.6
20190117214745,0.0,0.0,0.0,0.5,0.8,0.0,98.2,0.5
20190117214815,0.0,0.0,0.0,0.2,2.4,0.0,95.7,1.6
20190117214845,0.0,0.0,0.0,1.5,4.4,0.0,92.0,2.1
20190117214915,0.0,0.0,0.0,1.8,4.3,0.0,93.1,0.8
20190117214945,0.0,0.0,0.0,0.9,6.4,0.0,91.3,1.4
20190117215015,0.0,0.0,0.0,0.2,2.8,0.0,95.4,1.6
20190117215045,0.0,0.0,0.0,0.2,1.2,0.0,98.2,0.5
20190117215115,0.0,0.0,0.0,0.1,0.7,0.0,99.0,0.1
20190117215145,0.0,0.0,0.0,0.5,2.8,0.0,96.1,0.7
20190117215215,0.0,0.0,0.0,0.1,0.5,0.0,99.0,0.4
20190117215245,0.0,0.0,0.0,0.7,4.5,0.0,94.2,0.6
20190117215315,0.0,0.0,0.0,0.5,2.2,0.0,97.1,0.1
20190117215345,0.0,0.0,0.0,1.3,4.3,0.0,93.9,0.5
20190117215415,0.0,0.0,0.0,0.4,1.5,0.0,97.7,0.4
20190117215445,0.0,0.0,0.0,0.7,0.7,0.0,98.3,0.2
20190117215515,0.0,0.0,0.0,2.6,3.5,0.0,93.4,0.5
20190117215545,0.0,0.0,0.0,1.2,2.5,0.0,95.3,1.0
20190117215615,0.0,0.0,0.0,8.3,16.5,0.0,74.2,1.0
20190117215645,0.0,0.0,0.0,5.2,3.7,0.0,90.7,0.4
20190117215715,0.0,0.0,0.0,8.6,11.7,0.0,78.8,0.9
20190117215745,0.0,0.0,0.0,1.1,4.4,0.0,93.8,0.7
20190117215815,0.0,0.0,0.0,0.4,1.5,0.0,97.2,0.9
20190117215845,0.0,0.0,0.0,1.2,8.2,0.0,89.0,1.7
20190117215915,0.0,0.0,0.0,0.3,5.6,0.0,91.4,2.6
20190117215945,0.0,0.0,0.0,2.3,7.7,0.0,87.9,2.1
20190117220015,0.0,0.0,0.0,23.5,23.1,0.0,51.4,2.0
20190117220045,0.0,0.0,0.0,7.8,9.6,0.0,81.3,1.2
20190117220115,0.0,0.0,0.0,1.4,2.8,0.0,94.5,1.2
20190117220145,0.0,0.0,0.0,8.2,5.6,0.0,84.6,1.6
20190117220215,0.0,0.0,0.0,15.8,8.2,0.0,73.9,2.1
20190117220245,0.0,0.0,0.0,6.1,23.6,0.0,68.6,1.7
20190117220315,0.0,0.0,0.0,18.0,5.6,0.0,74.1,2.4
20190117220345,0.0,0.0,0.0,19.3,26.5,0.0,51.3,2.8
20190117220415,0.0,0.0,0.0,76.5,16.2,0.0,5.2,2.1
20190117220445,0.0,0.0,0.0,18.6,14.7,0.0,54.1,12.5
20190117220515,0.0,0.0,0.0,7.8,14.4,0.0,73.1,4.6
20190117220545,0.0,0.0,0.0,10.3,18.4,0.0,69.8,1.4
20190117220615,0.0,0.0,0.0,37.6,14.2,0.0,44.3,3.7
20190117220645,0.0,0.0,0.0,7.9,24.0,0.0,54.0,14.1
20190117220715,0.0,0.0,0.0,6.0,8.7,0.0,84.5,0.8
20190117220745,0.0,0.0,0.0,17.0,26.7,0.0,49.4,6.9
20190117220815,0.0,0.0,0.0,2.7,5.9,0.0,88.2,3.3
20190117220845,0.0,0.0,0.0,4.1,10.7,0.0,81.1,4.1
20190117220915,0.0,0.0,0.0,4.0,8.6,0.0,83.0,4.4
20190117220945,0.0,0.0,0.0,3.0,11.5,0.0,78.3,7.2
20190117221015,0.0,0.0,0.0,1.9,11.5,0.0,68.5,18.1
20190117221045,0.0,0.0,0.0,4.0,12.5,0.0,57.2,26.3
20190117221115,0.0,0.0,0.0,2.8,15.3,0.0,77.0,4.9
20190117221145,0.0,0.0,0.0,1.5,11.6,0.0,81.4,5.5
20190117221215,0.0,0.0,0.0,1.3,15.3,0.0,72.6,10.8
20190117221245,0.0,0.0,0.0,0.9,4.2,0.0,83.0,11.9
20190117221315,0.0,0.0,0.0,1.6,13.6,0.0,78.8,6.0
20190117221345,0.0,0.0,0.0,4.3,8.8,0.0,79.4,7.5
20190117221415,0.0,0.0,0.0,1.9,15.5,0.0,76.6,6.1
20190117221446,0.0,0.0,0.0,1.3,14.4,0.0,74.8,9.6
20190117221516,0.0,0.0,0.0,3.5,3.9,0.0,88.2,4.4
20190117221546,0.0,0.0,0.0,5.2,13.1,0.0,76.0,5.8
20190117221616,0.0,0.0,0.0,1.1,10.9,0.0,84.5,3.5
20190117221646,0.0,0.0,0.0,1.1,12.8,0.0,83.5,2.5
20190117221716,0.0,0.0,0.0,2.7,10.9,0.0,83.2,3.2
20190117221746,0.0,0.0,0.0,1.4,9.9,0.0,83.7,4.9
20190117221816,0.0,0.0,0.0,5.1,16.6,0.0,69.6,8.6
20190117221846,0.0,0.0,0.0,1.2,8.2,0.0,88.1,2.6
20190117221916,0.0,0.0,0.0,2.7,11.0,0.0,81.6,4.7
20190117221946,0.0,0.0,0.0,8.7,15.4,0.0,70.1,5.8
20190117222016,0.0,0.0,0.0,1.3,4.0,0.0,88.8,5.8
20190117222046,0.0,0.0,0.0,0.4,1.7,0.0,95.9,2.0
20190117222116,0.0,0.0,0.0,1.9,9.2,0.0,83.8,5.1
20190117222146,0.0,0.0,0.0,2.3,7.7,0.0,84.6,5.4
20190117222216,0.0,0.0,0.0,2.1,6.1,0.0,82.3,9.6
20190117222246,0.0,0.0,0.0,3.4,8.8,0.0,73.6,14.1
20190117222316,0.0,0.0,0.0,1.7,5.9,0.0,88.1,4.3
20190117222346,0.0,0.0,0.0,3.6,8.7,0.0,74.3,13.4
20190117222416,0.0,0.0,0.0,1.5,7.5,0.0,87.7,3.2
20190117222446,0.0,0.0,0.0,5.7,21.3,0.0,63.9,9.2
20190117222516,0.0,0.0,0.0,1.8,12.4,0.0,75.4,10.5
20190117222546,0.0,0.0,0.0,4.7,13.1,0.0,77.0,5.3
20190117222616,0.0,0.0,0.0,2.6,8.3,0.0,80.8,8.3
20190117222646,0.0,0.0,0.0,1.9,12.5,0.0,81.5,4.1
20190117222716,0.0,0.0,0.0,1.1,6.1,0.0,89.0,3.8
20190117222746,0.0,0.0,0.0,2.8,11.2,0.0,76.4,9.6
20190117222816,0.0,0.0,0.0,3.3,8.8,0.0,82.1,5.8
20190117222846,0.0,0.0,0.0,3.9,9.6,0.0,83.2,3.3
20190117222916,0.0,0.0,0.0,6.2,15.5,0.0,75.5,2.8
20190117222946,0.0,0.0,0.0,3.3,11.7,0.0,80.3,4.8
20190117223016,0.0,0.0,0.0,7.6,14.5,0.0,75.9,2.0
20190117223046,0.0,0.0,0.0,1.5,13.0,0.0,83.7,1.8
20190117223116,0.0,0.0,0.0,1.6,18.3,0.0,78.6,1.6
20190117223146,0.0,0.0,0.0,1.9,9.6,0.0,87.7,0.8
20190117223216,0.0,0.0,0.0,3.0,18.3,0.0,78.1,0.6
20190117223246,0.0,0.0,0.0,8.9,53.5,0.0,37.1,0.5
20190117223316,0.0,0.0,0.0,3.1,14.5,0.0,81.3,1.1
20190117223346,0.0,0.0,0.0,4.6,11.8,0.0,83.3,0.3
20190117223416,0.0,0.0,0.0,0.6,1.8,0.0,97.1,0.5
20190117223446,0.0,0.0,0.0,0.2,3.3,0.0,95.6,0.9
20190117223516,0.0,0.0,0.0,0.6,4.7,0.0,93.9,0.8
20190117223546,0.0,0.0,0.0,0.7,9.6,0.0,88.8,0.9
20190117223616,0.0,0.0,0.0,0.9,9.3,0.0,88.4,1.3
20190117223646,0.0,0.0,0.0,0.7,4.9,0.0,93.8,0.6
20190117223716,0.0,0.0,0.0,0.4,2.3,0.0,96.8,0.4
20190117223746,0.0,0.0,0.0,0.3,4.0,0.0,95.2,0.4
20190117223816,0.0,0.0,0.0,0.2,2.6,0.0,96.7,0.5
20190117223846,0.0,0.0,0.0,0.4,7.6,0.0,90.9,1.1
20190117223916,0.0,0.0,0.0,0.3,12.0,0.0,86.1,1.6
20190117223946,0.0,0.0,0.0,0.2,6.2,0.0,92.6,1.1
20190117224016,0.0,0.0,0.0,0.7,19.1,0.0,78.5,1.7
20190117224046,0.0,0.0,0.0,1.5,10.8,0.0,87.1,0.7
20190117224116,0.0,0.0,0.0,0.3,4.2,0.0,94.9,0.6
20190117224146,0.0,0.0,0.0,1.1,9.1,0.0,88.8,0.9
20190117224216,0.0,0.0,0.0,1.8,3.8,0.0,93.1,1.3
20190117224246,0.0,0.0,0.0,3.3,12.3,0.0,82.1,2.2
20190117224316,0.0,0.0,0.0,0.5,4.4,0.0,94.5,0.6
20190117224346,0.0,0.0,0.0,0.9,7.4,0.0,89.9,1.9
20190117224416,0.0,0.0,0.0,0.7,11.4,0.0,83.3,4.6
20190117224446,0.0,0.0,0.0,0.7,5.1,0.0,93.3,0.9
20190117224516,0.0,0.0,0.0,0.4,5.1,0.0,92.1,2.4
20190117224546,0.0,0.0,0.0,0.9,3.0,0.0,95.5,0.6
20190117224616,0.0,0.0,0.0,0.5,4.1,0.0,94.9,0.4
20190117224646,0.0,0.0,0.0,2.8,7.9,0.0,86.4,2.9
20190117224716,0.0,0.0,0.0,4.7,26.7,0.0,68.4,0.2
20190117224746,0.0,0.0,0.0,41.5,39.5,0.0,18.8,0.2
20190117224816,0.0,0.0,0.0,8.2,19.4,0.0,72.0,0.3
20190117224847,0.0,0.0,0.0,0.4,1.8,0.0,97.8,0.0
20190117224917,0.0,0.0,0.0,3.8,58.3,0.0,37.0,0.9
20190117224947,0.0,0.1,0.0,14.2,64.3,0.0,19.8,1.7
20190117225017,0.0,0.0,0.0,3.9,55.3,0.0,40.2,0.5
20190117225047,0.0,0.0,0.0,6.7,12.4,0.0,80.3,0.6
20190117225117,0.0,0.0,0.0,0.7,20.0,0.0,78.2,1.2
20190117225147,0.0,0.0,0.0,3.6,19.7,0.0,75.9,0.9
20190117225217,0.0,0.0,0.0,1.2,19.3,0.0,77.8,1.7
20190117225247,0.0,0.0,0.0,0.6,5.1,0.0,93.7,0.5
20190117225317,0.0,0.0,0.0,1.0,16.0,0.0,82.2,0.8
20190117225347,0.0,0.0,0.0,0.9,4.8,0.0,94.0,0.3
20190117225417,0.0,0.0,0.0,0.5,4.3,0.0,94.5,0.7
20190117225447,0.0,0.0,0.0,0.8,6.8,0.0,92.1,0.3
20190117225517,0.0,0.0,0.0,0.5,8.0,0.0,89.3,2.2
20190117225547,0.0,0.0,0.0,1.7,7.2,0.0,90.0,1.0
20190117225617,0.0,0.0,0.0,0.5,1.2,0.0,98.1,0.2
20190117225647,0.0,0.0,0.0,0.8,3.9,0.0,94.7,0.6
20190117225717,0.0,0.0,0.0,0.7,3.5,0.0,95.0,0.7
20190117225747,0.0,0.0,0.0,2.5,11.3,0.0,84.8,1.5
20190117225817,0.0,0.0,0.0,0.4,2.7,0.0,96.5,0.5
20190117225847,0.0,0.0,0.0,0.9,1.6,0.0,96.9,0.5
20190117225917,0.0,0.0,0.0,0.7,5.5,0.0,93.4,0.4
20190117225947,0.0,0.0,0.0,1.2,5.3,0.0,92.7,0.7
20190117230017,0.0,0.0,0.0,2.1,4.3,0.0,91.9,1.7
20190117230047,0.0,0.0,0.0,1.6,2.5,0.0,95.2,0.6
20190117230117,0.0,0.0,0.0,0.4,4.6,0.0,94.6,0.3
20190117230147,0.0,0.0,0.0,0.3,4.1,0.0,95.2,0.4
20190117230217,0.0,0.0,0.0,0.6,8.7,0.0,88.8,1.9
20190117230247,0.0,0.0,0.0,0.6,6.9,0.0,90.9,1.7
20190117230317,0.0,0.0,0.0,1.4,9.4,0.0,87.1,2.1
20190117230347,0.0,0.0,0.0,1.0,5.2,0.0,92.5,1.3
20190117230417,0.0,0.0,0.0,0.8,7.2,0.0,91.1,0.9
20190117230447,0.0,0.0,0.0,0.6,3.9,0.0,94.3,1.2
20190117230517,0.0,0.0,0.0,0.7,2.2,0.0,96.3,0.8
20190117230547,0.0,0.0,0.0,0.4,1.7,0.0,97.4,0.5
20190117230617,0.0,0.0,0.0,1.5,3.3,0.0,94.5,0.6
20190117230647,0.0,0.0,0.0,1.3,3.6,0.0,93.2,1.9
20190117230717,0.0,0.0,0.0,3.9,6.6,0.0,86.8,2.7
20190117230747,0.0,0.0,0.0,1.4,8.8,0.0,88.2,1.5
20190117230817,0.0,0.0,0.0,4.2,11.6,0.0,80.4,3.7
20190117230847,0.0,0.0,0.0,2.3,13.8,0.0,78.0,5.9
20190117230917,0.0,0.0,0.0,0.8,8.2,0.0,89.7,1.3
20190117230947,0.0,0.0,0.0,2.0,7.9,0.0,87.5,2.5
20190117231017,0.0,0.0,0.0,1.9,17.5,0.0,79.3,1.3
20190117231047,0.0,0.0,0.0,2.3,11.8,0.0,82.5,3.3
20190117231117,0.0,0.0,0.0,1.2,7.5,0.0,89.4,1.9
20190117231147,0.0,0.0,0.0,5.4,8.1,0.0,83.6,2.9
20190117231217,0.0,0.0,0.0,6.3,4.4,0.0,85.0,4.3
20190117231247,0.0,0.0,0.0,2.8,9.1,0.0,86.4,1.7
20190117231317,0.0,0.0,0.0,4.4,11.2,0.0,82.6,1.8
20190117231347,0.0,0.0,0.0,8.1,13.1,0.0,73.5,5.2
20190117231417,0.0,0.0,0.0,5.0,10.0,0.0,82.7,2.3
20190117231447,0.0,0.0,0.0,4.6,6.7,0.0,87.9,0.9
20190117231517,0.0,0.0,0.0,2.7,5.8,0.0,89.2,2.3
20190117231547,0.0,0.0,0.0,3.8,11.1,0.0,83.8,1.4
20190117231618,0.0,0.0,0.0,2.2,3.7,0.0,92.5,1.5
20190117231648,0.0,0.0,0.0,3.1,3.0,0.0,91.3,2.6
20190117231718,0.0,0.0,0.0,4.9,8.2,0.0,85.9,1.0
20190117231748,0.0,0.0,0.0,2.7,7.9,0.0,87.9,1.4
20190117231818,0.0,0.0,0.0,2.0,5.8,0.0,90.4,1.8
20190117231848,0.0,0.0,0.0,3.6,3.2,0.0,91.3,1.8
20190117231918,0.0,0.0,0.0,1.2,3.5,0.0,93.4,1.9
20190117231948,0.0,0.0,0.0,0.9,2.3,0.0,95.5,1.3
20190117232018,0.0,0.0,0.0,1.2,3.0,0.0,94.6,1.2
20190117232048,0.0,0.0,0.0,3.5,8.6,0.0,86.0,2.0
20190117232118,0.0,0.0,0.0,1.1,2.4,0.0,94.4,2.0
20190117232148,0.0,0.0,0.0,3.3,4.1,0.0,87.8,4.7
20190117232218,0.0,0.0,0.0,0.4,0.9,0.0,97.4,1.3
20190117232248,0.0,0.0,0.0,2.0,0.8,0.0,95.2,1.9
20190117232318,0.0,0.0,0.0,1.5,1.0,0.0,96.3,1.2
20190117232348,0.0,0.0,0.0,3.6,1.9,0.0,93.2,1.3
20190117232418,0.0,0.0,0.0,3.3,1.4,0.0,93.1,2.2
20190117232448,0.0,0.0,0.0,0.9,1.2,0.0,96.6,1.2
20190117232518,0.0,0.0,0.0,4.8,1.9,0.0,91.4,1.9
20190117232548,0.0,0.0,0.0,3.1,1.2,0.0,94.6,1.0
20190117232618,0.0,0.0,0.0,4.3,2.5,0.0,91.6,1.7
20190117232648,0.0,0.0,0.0,8.6,1.5,0.0,88.2,1.8
20190117232718,0.0,0.0,0.0,1.1,0.4,0.0,97.8,0.8
20190117232748,0.0,0.0,0.0,1.7,1.0,0.0,95.3,1.9
20190117232818,0.0,0.0,0.0,4.2,1.7,0.0,92.2,1.9
20190117232848,0.0,0.0,0.0,1.6,3.0,0.0,92.6,2.8
20190117232918,0.0,0.0,0.0,2.4,3.6,0.0,91.7,2.3
20190117232948,0.0,0.0,0.0,3.4,6.1,0.0,87.1,3.4
20190117233018,0.0,0.0,0.0,2.2,1.1,0.0,95.8,0.9
20190117233048,0.0,0.0,0.0,3.1,1.1,0.0,93.8,2.0
20190117233118,0.0,0.0,0.0,2.8,1.7,0.0,94.5,1.0
20190117233148,0.0,0.0,0.0,1.4,1.3,0.0,94.0,3.3
20190117233218,0.0,0.0,0.0,3.6,14.2,0.0,77.5,4.7
20190117233248,0.0,0.0,0.0,6.6,9.1,0.0,80.4,3.9
20190117233318,0.0,0.0,0.0,3.9,6.9,0.0,85.1,4.1
20190117233348,0.0,0.0,0.0,5.1,14.0,0.0,78.4,2.4
20190117233418,0.0,0.0,0.0,12.7,14.2,0.0,63.6,9.5
20190117233448,0.0,0.0,0.0,13.8,26.3,0.0,54.9,5.0
20190117233518,0.0,0.0,0.0,17.7,15.2,0.0,62.9,4.2
20190117233548,0.0,0.0,0.0,15.7,13.9,0.0,68.2,2.1
20190117233618,0.0,0.0,0.0,4.6,11.7,0.0,82.0,1.8
20190117233648,0.0,0.0,0.0,6.3,25.1,0.0,65.9,2.7
20190117233718,0.0,0.0,0.0,6.6,10.0,0.0,81.4,2.0
20190117233748,0.0,0.0,0.0,10.3,26.7,0.0,60.0,3.0
20190117233818,0.0,0.0,0.0,12.2,23.1,0.0,62.8,1.9
20190117233848,0.0,0.0,0.0,1.6,8.2,0.0,89.4,0.7
20190117233918,0.0,0.0,0.0,1.2,5.4,0.0,93.0,0.3
20190117233948,0.0,0.0,0.0,2.8,8.1,0.0,88.1,1.1
20190117234018,0.0,0.0,0.0,2.5,10.9,0.0,85.6,0.9
20190117234048,0.0,0.0,0.0,2.7,4.8,0.0,91.4,1.1
20190117234118,0.0,0.0,0.0,2.8,30.0,0.0,65.5,1.7
20190117234148,0.0,0.0,0.0,5.9,17.7,0.0,73.8,2.6
20190117234218,0.0,0.0,0.0,4.6,5.8,0.0,87.6,1.9
20190117234248,0.0,0.0,0.0,3.4,12.2,0.0,82.8,1.6
20190117234318,0.0,0.0,0.0,2.7,10.1,0.0,85.5,1.7
20190117234348,0.0,0.0,0.0,2.5,14.3,0.0,81.9,1.3
20190117234418,0.0,0.0,0.0,7.4,24.7,0.0,65.4,2.5
20190117234448,0.0,0.0,0.0,7.6,14.9,0.0,73.2,4.3
20190117234518,0.0,0.0,0.0,4.2,8.8,0.0,83.1,3.9
20190117234548,0.0,0.0,0.0,2.3,15.6,0.0,80.0,2.1
20190117234618,0.0,0.0,0.0,8.4,36.7,0.0,54.0,0.9
20190117234648,0.0,0.0,0.0,7.6,20.6,0.0,70.7,1.1
20190117234718,0.0,0.0,0.0,14.2,21.0,0.0,61.9,2.8
20190117234748,0.0,0.0,0.0,13.4,37.6,0.0,48.0,1.0
20190117234818,0.0,0.0,0.0,9.5,15.5,0.0,72.7,2.3
20190117234848,0.0,0.1,0.0,12.6,8.8,0.0,76.2,2.4
20190117234918,0.0,0.0,0.0,55.3,6.8,0.0,34.5,3.5
20190117234948,0.0,0.0,0.0,26.0,19.0,0.0,53.0,2.0
20190117235019,0.0,0.0,0.0,13.2,11.4,0.0,73.3,2.0
20190117235049,0.0,0.0,0.0,14.3,8.6,0.0,75.0,2.1
20190117235119,0.0,0.0,0.0,15.0,13.1,0.0,70.3,1.5
20190117235149,0.0,0.0,0.0,5.3,6.3,0.0,86.9,1.4
20190117235219,0.0,0.0,0.0,20.6,7.5,0.0,69.1,2.7
20190117235249,0.0,0.0,0.0,24.2,20.3,0.0,53.9,1.7
20190117235319,0.0,0.0,0.0,5.0,3.1,0.0,89.8,2.1
20190117235349,0.0,0.0,0.0,6.8,4.9,0.0,84.3,4.0
20190117235419,0.0,0.0,0.0,12.1,4.3,0.0,80.7,2.9
20190117235449,0.0,0.0,0.0,6.6,4.9,0.0,86.4,2.0
20190117235519,0.0,0.0,0.0,7.6,15.6,0.0,73.9,2.9
20190117235549,0.0,0.0,0.0,6.4,4.8,0.0,87.4,1.5
20190117235619,0.0,0.0,0.0,15.7,7.0,0.0,74.9,2.3
20190117235649,0.0,0.0,0.0,11.0,4.1,0.0,83.8,1.1
20190117235719,0.0,0.0,0.0,6.4,4.3,0.0,88.2,1.0
20190117235749,0.0,0.0,0.0,5.4,5.4,0.0,86.3,2.9
20190117235819,0.0,0.0,0.0,15.7,5.0,0.0,76.6,2.7
20190117235849,0.0,0.0,0.0,20.6,12.6,0.0,64.2,2.5
20190117235919,0.0,0.0,0.0,8.6,2.3,0.0,87.0,2.0
20190117235949,0.0,0.0,0.0,10.8,5.0,0.0,82.4,1.7
20190118000019,0.0,0.0,0.0,10.1,3.9,0.0,83.5,2.4
20190118000049,0.0,0.0,0.0,4.9,1.6,0.0,92.7,0.7
20190118000119,0.0,0.1,0.0,30.1,5.4,0.0,63.1,1.3
20190118000149,0.0,0.1,0.0,22.2,6.6,0.0,68.5,2.5
20190118000219,0.0,0.0,0.0,23.2,4.7,0.0,70.4,1.7
20190118000249,0.0,0.0,0.0,8.6,3.0,0.0,87.3,1.1
20190118000319,0.0,0.0,0.0,6.8,1.7,0.0,90.0,1.5
20190118000349,0.0,0.0,0.0,7.2,1.4,0.0,90.1,1.2
20190118000419,0.0,0.0,0.0,5.8,2.0,0.0,90.8,1.4
20190118000449,0.0,0.0,0.0,14.6,5.0,0.0,78.9,1.5
20190118000519,0.0,0.0,0.0,6.3,3.5,0.0,89.1,1.0
20190118000549,0.0,0.0,0.0,15.2,6.0,0.0,76.5,2.2
20190118000619,0.0,0.0,0.0,4.2,3.4,0.0,91.8,0.6
20190118000649,0.0,0.0,0.0,3.5,2.7,0.0,92.6,1.1
20190118000719,0.0,0.0,0.0,14.8,6.4,0.0,77.0,1.8
20190118000749,0.0,0.0,0.0,5.0,5.3,0.0,87.7,2.0
20190118000819,0.0,0.0,0.0,7.0,4.6,0.0,87.5,0.9
20190118000849,0.0,0.0,0.0,2.7,4.8,0.0,92.0,0.5
20190118000919,0.0,0.0,0.0,3.3,2.1,0.0,94.0,0.5
20190118000949,0.0,0.0,0.0,5.3,4.9,0.0,89.2,0.5
20190118001019,0.0,0.0,0.0,1.3,2.7,0.0,95.3,0.7
20190118001049,0.0,0.0,0.0,0.6,1.8,0.0,97.2,0.3
20190118001119,0.0,0.0,0.0,5.2,3.9,0.0,90.1,0.8
20190118001149,0.0,0.0,0.0,2.0,1.1,0.0,96.5,0.4
20190118001219,0.0,0.0,0.0,2.6,2.6,0.0,94.5,0.4
20190118001249,0.0,0.0,0.0,3.1,3.1,0.0,93.5,0.2
20190118001319,0.0,0.0,0.0,3.3,3.8,0.0,92.4,0.5
20190118001349,0.0,0.0,0.0,0.9,1.8,0.0,97.0,0.2
20190118001419,0.0,0.0,0.0,3.5,2.7,0.0,93.4,0.3
20190118001449,0.0,0.0,0.0,3.9,6.1,0.0,89.2,0.8
20190118001519,0.0,0.0,0.0,2.5,21.7,0.0,74.9,0.8
20190118001549,0.0,0.0,0.0,1.6,8.6,0.0,89.2,0.5
20190118001619,0.0,0.0,0.0,1.0,2.6,0.0,96.0,0.3
20190118001649,0.0,0.0,0.0,1.0,2.4,0.0,96.4,0.2
20190118001719,0.0,0.0,0.0,1.4,1.4,0.0,96.9,0.3
20190118001749,0.0,0.0,0.0,0.6,1.3,0.0,97.8,0.2
20190118001819,0.0,0.0,0.0,0.7,1.2,0.0,97.8,0.3
20190118001849,0.0,0.0,0.0,0.6,1.0,0.0,98.0,0.4
20190118001919,0.0,0.0,0.0,0.6,1.3,0.0,97.7,0.4
20190118001949,0.0,0.0,0.0,0.3,1.1,0.0,98.1,0.4
20190118002019,0.0,0.0,0.0,0.3,0.5,0.0,99.0,0.2
20190118002049,0.0,0.0,0.0,0.4,2.0,0.0,96.9,0.7
20190118002119,0.0,0.0,0.0,0.3,0.3,0.0,99.2,0.2
20190118002149,0.0,0.0,0.0,0.1,0.3,0.0,99.4,0.2
20190118002219,0.0,0.0,0.0,0.2,0.6,0.0,99.1,0.2
20190118002249,0.0,0.0,0.0,0.2,0.4,0.0,99.2,0.3
20190118002319,0.0,0.0,0.0,0.1,0.4,0.0,99.3,0.1
20190118002349,0.0,0.0,0.0,0.3,0.7,0.0,98.6,0.4
20190118002419,0.0,0.0,0.0,0.5,0.4,0.0,98.8,0.2
20190118002450,0.0,0.0,0.0,0.4,1.2,0.0,98.1,0.2
20190118002520,0.0,0.0,0.0,0.1,0.5,0.0,99.3,0.1
20190118002550,0.0,0.0,0.0,0.3,0.5,0.0,99.1,0.2
20190118002620,0.0,0.0,0.0,0.5,0.6,0.0,98.7,0.2
20190118002650,0.0,0.0,0.0,0.2,0.6,0.0,99.2,0.1
20190118002720,0.0,0.0,0.0,1.2,0.6,0.0,97.7,0.5
20190118002750,0.0,0.0,0.0,0.4,1.0,0.0,98.3,0.3
20190118002820,0.0,0.0,0.0,0.4,1.0,0.0,98.4,0.2
20190118002850,0.0,0.0,0.0,1.3,0.8,0.0,97.7,0.2
20190118002920,0.0,0.0,0.0,0.4,0.3,0.0,99.2,0.1
20190118002950,0.0,0.0,0.0,0.4,0.6,0.0,98.8,0.2
20190118003020,0.0,0.0,0.0,0.4,1.1,0.0,98.4,0.1
20190118003050,0.0,0.0,0.0,0.5,0.9,0.0,98.4,0.1
20190118003120,0.0,0.0,0.0,1.0,1.9,0.0,96.9,0.1
20190118003150,0.0,0.0,0.0,1.8,2.6,0.0,95.3,0.3
20190118003220,0.0,0.0,0.0,1.9,5.3,0.0,92.1,0.6
20190118003250,0.0,0.0,0.0,2.5,2.4,0.0,94.8,0.3
20190118003320,0.0,0.0,0.0,3.0,4.2,0.0,92.2,0.6
20190118003350,0.0,0.0,0.0,2.1,6.4,0.0,91.0,0.5
20190118003420,0.0,0.0,0.0,1.3,4.7,0.0,93.7,0.3
20190118003450,0.0,0.0,0.0,4.4,7.0,0.0,88.1,0.5
20190118003520,0.0,0.0,0.0,3.5,8.9,0.0,86.9,0.7
20190118003550,0.0,0.0,0.0,2.3,14.1,0.0,82.8,0.8
20190118003620,0.0,0.0,0.0,0.6,3.2,0.0,95.7,0.4
20190118003650,0.0,0.0,0.0,3.6,4.3,0.0,91.7,0.3
20190118003720,0.0,0.0,0.0,1.3,2.2,0.0,96.1,0.3
20190118003750,0.0,0.0,0.0,1.0,2.2,0.0,96.3,0.6
20190118003820,0.0,0.0,0.0,2.1,3.2,0.0,94.0,0.7
20190118003850,0.0,0.0,0.0,1.7,2.4,0.0,95.5,0.4
20190118003920,0.0,0.0,0.0,0.3,1.0,0.0,98.5,0.2
20190118003950,0.0,0.0,0.0,0.5,2.0,0.0,97.2,0.3
20190118004020,0.0,0.0,0.0,3.5,2.3,0.0,93.8,0.4
20190118004050,0.0,0.0,0.0,0.2,2.6,0.0,97.0,0.1
20190118004120,0.0,0.0,0.0,0.5,2.0,0.0,97.2,0.3
20190118004150,0.0,0.0,0.0,0.3,1.5,0.0,97.8,0.3
20190118004220,0.0,0.0,0.0,0.7,4.1,0.0,94.8,0.4
20190118004250,0.0,0.0,0.0,0.6,1.9,0.0,97.0,0.4
20190118004320,0.0,0.0,0.0,1.4,4.4,0.0,92.3,1.9
20190118004350,0.0,0.0,0.0,0.2,0.8,0.0,98.6,0.4
20190118004420,0.0,0.0,0.0,1.5,2.4,0.0,95.0,1.1
20190118004450,0.0,0.0,0.0,0.3,2.5,0.0,96.6,0.6
20190118004520,0.0,0.0,0.0,0.3,0.8,0.0,98.6,0.2
20190118004550,0.0,0.0,0.0,0.4,2.4,0.0,96.4,0.8
20190118004620,0.0,0.0,0.0,0.4,1.4,0.0,97.9,0.3
20190118004650,0.0,0.0,0.0,0.4,1.0,0.0,98.3,0.2
20190118004720,0.0,0.0,0.0,1.2,2.1,0.0,96.3,0.4
20190118004750,0.0,0.0,0.0,1.9,2.0,0.0,95.3,0.8
20190118004820,0.0,0.0,0.0,1.0,3.9,0.0,93.8,1.2
20190118004850,0.0,0.0,0.0,0.6,2.1,0.0,96.9,0.4
20190118004920,0.0,0.0,0.0,3.0,2.7,0.0,93.5,0.8
20190118004950,0.0,0.0,0.0,0.6,2.4,0.0,96.0,1.0
20190118005020,0.0,0.0,0.0,1.5,1.5,0.0,96.6,0.4
20190118005050,0.0,0.0,0.0,1.6,1.0,0.0,97.0,0.4
20190118005120,0.0,0.0,0.0,0.8,1.7,0.0,96.9,0.5
20190118005151,0.0,0.0,0.0,0.2,0.5,0.0,99.1,0.2
20190118005221,0.0,0.0,0.0,1.2,0.8,0.0,97.4,0.6
20190118005251,0.0,0.0,0.0,0.7,0.5,0.0,98.0,0.8
20190118005321,0.0,0.0,0.0,0.6,0.4,0.0,98.6,0.4
20190118005351,0.0,0.0,0.0,1.0,0.3,0.0,97.9,0.8
20190118005421,0.0,0.0,0.0,0.2,0.1,0.0,99.5,0.2
20190118005451,0.0,0.0,0.0,1.0,0.4,0.0,98.1,0.5
20190118005521,0.0,0.0,0.0,0.7,0.2,0.0,98.7,0.3
20190118005551,0.0,0.0,0.0,0.1,0.1,0.0,99.4,0.3
20190118005621,0.0,0.0,0.0,0.9,0.3,0.0,97.3,1.5
20190118005651,0.0,0.0,0.0,0.3,0.3,0.0,98.7,0.7
20190118005721,0.0,0.0,0.0,0.2,0.1,0.0,99.5,0.2
20190118005751,0.0,0.0,0.0,0.3,0.2,0.0,99.3,0.3
20190118005821,0.0,0.0,0.0,0.5,0.2,0.0,99.0,0.4
20190118005851,0.0,0.0,0.0,0.9,0.2,0.0,98.6,0.3
20190118005921,0.0,0.0,0.0,0.2,0.2,0.0,99.4,0.3
20190118005951,0.0,0.0,0.0,0.8,0.2,0.0,98.8,0.2
20190118010021,0.0,0.0,0.0,0.7,0.3,0.0,98.7,0.3
20190118010051,0.0,0.0,0.0,0.4,0.2,0.0,99.3,0.1
20190118010121,0.0,0.0,0.0,0.3,0.1,0.0,99.4,0.3
20190118010151,0.0,0.0,0.0,0.6,0.1,0.0,99.1,0.1
20190118010221,0.0,0.0,0.0,0.2,0.2,0.0,99.5,0.2
20190118010251,0.0,0.0,0.0,1.6,0.3,0.0,97.3,0.8
20190118010321,0.0,0.0,0.0,0.5,0.2,0.0,98.8,0.4
20190118010351,0.0,0.0,0.0,0.4,0.1,0.0,99.3,0.2
20190118010421,0.0,0.0,0.0,0.8,0.5,0.0,98.3,0.3
20190118010451,0.0,0.0,0.0,0.4,0.3,0.0,99.1,0.2
20190118010521,0.0,0.0,0.0,1.4,0.3,0.0,97.9,0.4
20190118010551,0.0,0.0,0.0,0.3,0.2,0.0,99.1,0.3
20190118010621,0.0,0.0,0.0,0.4,0.2,0.0,99.1,0.3
20190118010651,0.0,0.0,0.0,0.6,0.2,0.0,99.0,0.3
20190118010721,0.0,0.0,0.0,0.5,0.0,0.0,99.4,0.1
20190118010751,0.0,0.0,0.0,0.3,0.1,0.0,99.4,0.2
20190118010821,0.0,0.0,0.0,0.8,0.2,0.0,98.9,0.1
20190118010851,0.0,0.0,0.0,1.3,0.3,0.0,98.1,0.4
20190118010921,0.0,0.0,0.0,0.7,0.1,0.0,99.1,0.1
20190118010951,0.0,0.0,0.0,0.8,0.3,0.0,98.6,0.2
20190118011021,0.0,0.0,0.0,0.5,0.2,0.0,98.9,0.4
20190118011051,0.0,0.0,0.0,1.0,0.1,0.0,98.8,0.1
20190118011121,0.0,0.0,0.0,1.4,0.2,0.0,97.9,0.4
20190118011151,0.0,0.0,0.0,1.5,0.2,0.0,98.0,0.3
20190118011221,0.0,0.0,0.0,0.4,0.0,0.0,99.5,0.1
20190118011251,0.0,0.0,0.0,0.9,0.1,0.0,99.0,0.1
20190118011321,0.0,0.0,0.0,1.1,0.0,0.0,98.8,0.1
20190118011351,0.0,0.0,0.0,0.5,0.1,0.0,99.4,0.0
20190118011421,0.0,0.0,0.0,0.7,0.0,0.0,99.2,0.1
20190118011451,0.0,0.0,0.0,0.3,0.0,0.0,99.6,0.1
20190118011521,0.0,0.0,0.0,0.4,0.0,0.0,99.4,0.2
20190118011551,0.0,0.0,0.0,1.0,0.1,0.0,98.6,0.3
20190118011621,0.0,0.0,0.0,1.2,0.1,0.0,98.5,0.2
20190118011651,0.0,0.0,0.0,0.5,0.1,0.0,99.2,0.2
20190118011721,0.0,0.0,0.0,0.4,0.1,0.0,99.2,0.3
20190118011751,0.0,0.0,0.0,1.0,0.1,0.0,98.8,0.1
20190118011821,0.0,0.0,0.0,0.3,0.0,0.0,99.5,0.2
20190118011851,0.0,0.0,0.0,1.2,0.1,0.0,98.5,0.2
20190118011921,0.0,0.0,0.0,0.5,0.0,0.0,99.0,0.5
20190118011951,0.0,0.0,0.0,0.2,0.0,0.0,99.6,0.1
20190118012021,0.0,0.0,0.0,0.5,0.1,0.0,99.2,0.2
20190118012051,0.0,0.0,0.0,0.2,0.0,0.0,99.6,0.2
20190118012121,0.0,0.0,0.0,0.1,0.0,0.0,99.7,0.1
20190118012151,0.0,0.0,0.0,0.1,0.0,0.0,99.8,0.0
20190118012221,0.0,0.0,0.0,0.2,0.1,0.0,99.6,0.1
20190118012251,0.0,0.0,0.0,0.4,0.1,0.0,99.3,0.3
20190118012321,0.0,0.0,0.0,0.1,0.0,0.0,99.8,0.1
20190118012351,0.0,0.0,0.0,0.2,0.0,0.0,99.7,0.1
20190118012421,0.0,0.0,0.0,0.4,0.1,0.0,99.2,0.3
20190118012451,0.0,0.0,0.0,0.2,0.0,0.0,99.6,0.1
20190118012521,0.0,0.0,0.0,0.2,0.0,0.0,99.7,0.2
20190118012552,0.0,0.0,0.0,0.2,0.0,0.0,99.7,0.1
20190118012622,0.0,0.0,0.0,0.1,0.0,0.0,99.8,0.1
20190118012652,0.0,0.0,0.0,0.0,0.0,0.0,99.8,0.1
20190118012722,0.0,0.0,0.0,0.2,0.0,0.0,99.6,0.1
20190118012752,0.0,0.0,0.0,0.0,0.0,0.0,100.0,0.0
20190118012822,0.0,0.0,0.0,0.2,0.0,0.0,99.6,0.2
20190118012852,0.0,0.0,0.0,0.1,0.0,0.0,99.9,0.0
20190118012922,0.0,0.0,0.0,0.1,0.0,0.0,99.9,0.1
20190118012952,0.0,0.0,0.0,0.1,0.0,0.0,99.8,0.1
20190118013022,0.0,0.0,0.0,0.0,0.0,0.0,99.9,0.0
20190118013052,0.0,0.0,0.0,0.0,0.0,0.0,100.0,0.0
20190118013122,0.0,0.0,0.0,0.0,0.0,0.0,99.9,0.0
20190118013152,0.0,0.0,0.0,0.1,0.0,0.0,99.9,0.0
20190118013222,0.0,0.0,0.0,0.0,0.0,0.0,100.0,0.0
20190118013252,0.0,0.0,0.0,0.1,0.0,0.0,99.9,0.0
20190118013322,0.0,0.0,0.0,0.0,0.0,0.0,99.9,0.0
20190118013352,0.0,0.0,0.0,0.0,0.0,0.0,100.0,0.0
20190118013422,0.0,0.0,0.0,0.0,0.0,0.0,99.9,0.0
20190118013452,0.0,0.0,0.0,0.0,0.0,0.0,99.9,0.0
20190118013522,0.0,0.0,0.0,0.1,0.0,0.0,99.9,0.0
20190118013552,0.0,0.0,0.0,0.0,0.0,0.0,99.9,0.0
20190118013622,0.0,0.0,0.0,0.1,0.0,0.0,99.8,0.1
20190118013652,0.0,0.0,0.0,0.0,0.0,0.0,99.9,0.0
20190118013722,0.0,0.0,0.0,0.0,0.0,0.0,99.9,0.0
20190118013752,0.0,0.0,0.0,0.0,0.0,0.0,99.9,0.1
20190118013822,0.0,0.0,0.0,0.0,0.0,0.0,99.9,0.0
20190118013852,0.0,0.0,0.0,0.0,0.0,0.0,100.0,0.0
20190118013922,0.0,0.0,0.0,0.1,0.0,0.0,99.9,0.1
20190118013952,0.0,0.0,0.0,0.0,0.0,0.0,99.9,0.0
20190118014022,0.0,0.0,0.0,0.0,0.0,0.0,99.9,0.0
20190118014052,0.0,0.0,0.0,0.0,0.1,0.0,99.8,0.1
20190118014122,0.0,0.0,0.0,0.0,0.0,0.0,99.9,0.0
20190118014152,0.0,0.0,0.0,0.0,0.0,0.0,99.9,0.0
20190118014222,0.0,0.0,0.0,0.0,0.1,0.0,99.8,0.1
20190118014252,0.0,0.0,0.0,0.1,0.1,0.0,99.8,0.1
20190118014322,0.0,0.0,0.0,0.0,0.0,0.0,99.9,0.0
20190118014352,0.0,0.0,0.0,0.0,0.0,0.0,99.9,0.0
20190118014422,0.0,0.0,0.0,0.0,0.0,0.0,99.9,0.0
20190118014452,0.0,0.0,0.0,0.0,0.0,0.0,99.9,0.0
20190118014522,0.0,0.0,0.0,0.0,0.0,0.0,99.9,0.0
20190118014552,0.0,0.0,0.0,0.0,0.0,0.0,99.9,0.0
20190118014622,0.0,0.0,0.0,0.0,0.0,0.0,100.0,0.0
20190118014652,0.0,0.0,0.0,0.0,0.1,0.0,99.8,0.1
20190118014722,0.0,0.0,0.0,0.0,0.0,0.0,99.9,0.0
20190118014752,0.0,0.0,0.0,0.0,0.0,0.0,99.9,0.0
20190118014822,0.0,0.0,0.0,0.0,0.0,0.0,99.9,0.1
20190118014852,0.0,0.0,0.0,0.0,0.1,0.0,99.8,0.1
20190118014922,0.0,0.0,0.0,0.0,0.0,0.0,100.0,0.0
20190118014952,0.0,0.0,0.0,0.0,0.0,0.0,99.9,0.1
20190118015022,0.0,0.0,0.0,0.0,0.0,0.0,99.9,0.0
20190118015052,0.0,0.0,0.0,0.0,0.1,0.0,99.7,0.2
20190118015122,0.0,0.0,0.0,0.1,0.1,0.0,99.8,0.1
20190118015152,0.0,0.0,0.0,0.0,0.0,0.0,99.8,0.1
20190118015222,0.0,0.0,0.0,0.0,0.0,0.0,99.8,0.1
20190118015252,0.0,0.0,0.0,0.1,0.1,0.0,99.6,0.2
20190118015322,0.0,0.0,0.0,0.1,0.0,0.0,99.7,0.2
20190118015352,0.0,0.0,0.0,0.0,0.0,0.0,99.9,0.0
20190118015422,0.0,0.0,0.0,0.1,0.0,0.0,99.7,0.2
20190118015452,0.0,0.0,0.0,0.1,0.0,0.0,99.8,0.2
20190118015522,0.0,0.0,0.0,0.0,0.0,0.0,99.8,0.1
20190118015552,0.0,0.0,0.0,0.1,0.0,0.0,99.6,0.3
20190118015622,0.0,0.0,0.0,0.2,0.0,0.0,99.5,0.3
20190118015652,0.0,0.0,0.0,0.1,0.1,0.0,99.5,0.4
20190118015722,0.0,0.0,0.0,0.1,0.0,0.0,99.8,0.1
20190118015752,0.0,0.0,0.0,0.4,0.1,0.0,99.2,0.4
20190118015822,0.0,0.0,0.0,0.0,0.1,0.0,99.7,0.2
20190118015852,0.0,0.0,0.0,0.0,0.0,0.0,99.7,0.2
20190118015922,0.0,0.0,0.0,0.0,0.0,0.1,98.4,1.5
20190118015952,0.0,0.0,0.0,0.0,0.0,0.1,97.8,2.1
20190118020023,0.0,0.0,0.0,0.0,0.0,0.0,97.7,2.2
20190118020053,0.0,0.0,0.0,0.0,0.1,0.0,94.1,5.8
20190118020123,0.0,0.0,0.0,0.0,0.0,0.0,99.4,0.6
20190118020153,0.0,0.0,0.0,0.0,0.0,0.0,99.9,0.1
20190118020223,0.0,0.0,0.0,0.2,0.0,0.0,99.7,0.1
20190118020253,0.0,0.0,0.0,0.0,0.0,0.0,99.9,0.1
20190118020323,0.0,0.0,0.0,0.0,0.0,0.0,99.6,0.3
20190118020353,0.0,0.0,0.0,0.0,0.0,0.1,99.2,0.7
20190118020423,0.0,0.0,0.0,0.0,0.3,0.4,88.2,11.0
20190118020453,0.0,0.0,0.0,0.0,0.4,0.2,87.6,11.7
20190118020523,0.0,0.0,0.0,0.0,0.2,0.2,89.2,10.3
20190118020553,0.0,0.0,0.0,0.0,0.4,0.0,30.9,68.7
20190118020623,0.0,0.0,0.0,0.0,0.2,0.0,38.8,61.0
20190118020653,0.0,0.0,0.0,0.0,0.2,0.1,45.2,54.4
20190118020723,0.0,0.0,0.0,0.0,0.1,0.1,95.1,4.7
20190118020753,0.0,0.0,0.0,0.1,0.0,0.0,99.6,0.2
20190118020823,0.0,0.0,0.0,0.2,0.0,0.0,99.6,0.2
20190118020853,0.0,0.0,0.0,0.3,0.0,0.0,98.9,0.7
20190118020923,0.0,0.0,0.0,0.0,0.0,0.0,99.8,0.1
20190118020953,0.0,0.0,0.0,0.0,0.0,0.0,99.8,0.2
20190118021023,0.0,0.0,0.0,0.1,0.1,0.0,99.2,0.6
20190118021053,0.0,0.0,0.0,0.0,0.0,0.0,99.8,0.2
20190118021123,0.0,0.0,0.0,0.1,0.0,0.0,99.8,0.1
20190118021153,0.0,0.0,0.0,0.1,0.0,0.0,99.7,0.2
20190118021223,0.0,0.0,0.0,0.1,0.1,0.0,99.6,0.2
20190118021253,0.0,0.0,0.0,0.0,0.0,0.0,99.6,0.4
20190118021323,0.0,0.0,0.0,0.0,0.0,0.0,99.9,0.1
20190118021353,0.0,0.0,0.0,0.0,0.1,0.0,99.0,0.9
20190118021423,0.0,0.0,0.0,0.0,0.1,0.0,96.5,3.3
20190118021453,0.0,0.0,0.0,0.0,0.1,0.0,99.7,0.1
20190118021523,0.0,0.0,0.0,0.1,0.0,0.0,99.7,0.2
20190118021553,0.0,0.0,0.0,0.3,0.0,0.0,99.1,0.5
20190118021623,0.0,0.0,0.0,0.1,0.0,0.0,99.5,0.4
20190118021653,0.0,0.0,0.0,0.1,0.0,0.0,99.7,0.2
20190118021723,0.0,0.0,0.0,0.1,0.0,0.0,99.7,0.2
20190118021753,0.0,0.0,0.0,0.0,0.0,0.0,99.9,0.0
20190118021823,0.0,0.0,0.0,0.1,0.1,0.0,99.4,0.4
20190118021853,0.0,0.0,0.0,0.0,0.0,0.0,99.8,0.2
20190118021923,0.0,0.0,0.0,0.0,0.0,0.0,99.9,0.1
20190118021953,0.0,0.0,0.0,0.0,0.0,0.0,99.8,0.1
20190118022023,0.0,0.0,0.0,0.0,0.0,0.0,99.8,0.2
20190118022053,0.0,0.0,0.0,0.0,0.0,0.0,99.7,0.3
20190118022123,0.0,0.0,0.0,0.0,0.0,0.0,99.8,0.2
20190118022153,0.0,0.0,0.0,0.0,0.0,0.0,99.8,0.1
20190118022223,0.0,0.0,0.0,0.0,0.0,0.0,99.8,0.2
20190118022253,0.0,0.0,0.0,0.0,0.0,0.0,99.9,0.1
20190118022323,0.0,0.0,0.0,0.0,0.0,0.0,99.9,0.1
20190118022353,0.0,0.0,0.0,0.0,0.0,0.0,99.9,0.0
20190118022423,0.0,0.0,0.0,0.0,0.0,0.0,99.9,0.1
20190118022453,0.0,0.0,0.0,0.1,0.0,0.0,99.8,0.1
20190118022523,0.0,0.0,0.0,0.1,0.0,0.0,99.8,0.1
20190118022553,0.0,0.0,0.0,0.1,0.0,0.0,99.6,0.2
20190118022623,0.0,0.0,0.0,0.0,0.0,0.0,99.9,0.0
20190118022653,0.0,0.0,0.0,0.1,0.0,0.0,99.8,0.1
20190118022723,0.0,0.0,0.0,0.0,0.0,0.0,99.9,0.1
20190118022753,0.0,0.0,0.0,0.1,0.0,0.0,99.9,0.1
20190118022823,0.0,0.0,0.0,0.0,0.0,0.0,99.9,0.1
20190118022854,0.0,0.0,0.0,0.2,0.0,0.0,99.5,0.2
20190118022924,0.0,0.0,0.0,0.1,0.0,0.0,99.8,0.1
20190118022954,0.0,0.0,0.0,0.0,0.0,0.0,99.8,0.1
20190118023024,0.0,0.0,0.0,0.0,0.0,0.0,99.9,0.1
20190118023054,0.0,0.0,0.0,0.0,0.0,0.0,99.9,0.1
20190118023124,0.0,0.0,0.0,0.0,0.0,0.0,99.9,0.0
20190118023154,0.0,0.0,0.0,0.1,0.0,0.0,99.7,0.2
20190118023224,0.0,0.0,0.0,0.0,0.0,0.0,99.8,0.1
20190118023254,0.0,0.0,0.0,0.0,0.0,0.0,100.0,0.0
20190118023324,0.0,0.0,0.0,0.0,0.0,0.0,99.8,0.2
20190118023354,0.0,0.0,0.0,0.0,0.0,0.0,99.8,0.1
20190118023424,0.0,0.0,0.0,0.0,0.0,0.0,99.9,0.1
20190118023454,0.0,0.0,0.0,0.0,0.0,0.0,99.9,0.1
20190118023524,0.0,0.0,0.0,0.0,0.0,0.0,99.8,0.1
20190118023554,0.0,0.0,0.0,0.0,0.0,0.0,99.9,0.0
20190118023624,0.0,0.0,0.0,0.1,0.0,0.0,99.8,0.1
20190118023654,0.0,0.0,0.0,0.1,0.0,0.0,99.8,0.1
20190118023724,0.0,0.0,0.0,0.0,0.0,0.0,99.8,0.1
20190118023754,0.0,0.0,0.0,0.0,0.0,0.0,99.8,0.1
20190118023824,0.0,0.0,0.0,0.1,0.0,0.0,99.7,0.3
20190118023854,0.0,0.0,0.0,0.0,0.0,0.0,99.8,0.1
20190118023924,0.0,0.0,0.0,0.0,0.0,0.0,99.8,0.1
20190118023954,0.0,0.0,0.0,0.0,0.0,0.0,99.9,0.1
20190118024024,0.0,0.0,0.0,0.0,0.0,0.0,99.9,0.0
20190118024054,0.0,0.0,0.0,0.0,0.0,0.0,99.9,0.1
20190118024124,0.0,0.0,0.0,0.0,0.0,0.0,99.8,0.2
20190118024154,0.0,0.0,0.0,0.0,0.0,0.0,99.9,0.1
20190118024224,0.0,0.0,0.0,0.0,0.0,0.0,99.9,0.1
20190118024254,0.0,0.0,0.0,0.0,0.0,0.0,99.7,0.3
20190118024324,0.0,0.0,0.0,0.0,0.0,0.0,99.8,0.2
20190118024354,0.0,0.0,0.0,0.0,0.0,0.0,99.5,0.5
20190118024424,0.0,0.0,0.0,0.0,0.0,0.0,99.9,0.1
20190118024454,0.0,0.0,0.0,0.1,0.0,0.0,99.7,0.2
20190118024524,0.0,0.0,0.0,0.1,0.0,0.0,99.5,0.4
20190118024554,0.0,0.0,0.0,0.1,0.0,0.0,99.5,0.4
20190118024624,0.0,0.0,0.0,0.1,0.0,0.0,99.6,0.3
20190118024654,0.0,0.0,0.0,0.1,0.0,0.0,99.8,0.1
20190118024724,0.0,0.0,0.0,0.1,0.0,0.0,99.7,0.2
20190118024754,0.0,0.0,0.0,0.1,0.0,0.0,99.6,0.3
20190118024824,0.0,0.0,0.0,0.1,0.0,0.0,99.7,0.2
20190118024854,0.0,0.0,0.0,0.3,0.0,0.0,99.0,0.6
20190118024924,0.0,0.0,0.0,0.1,0.0,0.0,99.7,0.2
20190118024954,0.0,0.0,0.0,0.1,0.0,0.0,99.7,0.2
20190118025024,0.0,0.0,0.0,0.6,0.0,0.0,98.4,0.9
20190118025054,0.0,0.0,0.0,0.9,0.0,0.0,98.7,0.3
20190118025124,0.0,0.0,0.0,0.1,0.0,0.0,99.8,0.1
20190118025154,0.0,0.0,0.0,0.0,0.0,0.0,99.8,0.2
20190118025224,0.0,0.0,0.0,0.0,0.0,0.0,97.3,2.6
20190118025254,0.0,0.0,0.0,0.0,0.1,0.0,63.9,36.0
20190118025324,0.0,0.0,0.0,0.0,0.0,0.0,91.2,8.8
20190118025354,0.0,0.0,0.0,0.0,0.0,0.0,34.9,65.1
20190118025424,0.0,0.0,0.0,0.0,0.0,0.0,99.8,0.2
20190118025454,0.0,0.0,0.0,0.2,0.0,0.0,99.7,0.1
20190118025524,0.0,0.0,0.0,0.0,0.0,0.0,99.9,0.1
20190118025554,0.0,0.0,0.0,0.0,0.1,0.1,92.8,7.0
20190118025624,0.0,0.0,0.0,0.0,0.0,0.0,96.6,3.4
20190118025654,0.0,0.0,0.0,0.0,0.0,0.0,90.9,9.1
20190118025724,0.0,0.0,0.0,0.0,0.0,0.0,71.2,28.8
20190118025754,0.0,0.0,0.0,0.0,0.0,0.0,61.3,38.7
20190118025824,0.0,0.0,0.0,0.0,0.0,0.0,61.1,38.9
20190118025854,0.0,0.0,0.0,0.0,0.0,0.0,4.1,95.9
20190118025924,0.0,0.0,0.0,0.0,0.0,0.0,16.6,83.4
20190118025954,0.0,0.0,0.0,0.0,0.0,0.0,2.1,97.9
20190118030024,0.0,0.0,0.0,0.0,0.1,0.1,89.1,10.6
20190118030054,0.0,0.0,0.0,0.4,0.1,0.2,98.3,0.9
20190118030124,0.0,0.0,0.0,0.0,0.0,0.0,98.3,1.7
20190118030155,0.0,0.0,0.0,0.0,0.0,0.0,96.4,3.5
20190118030225,0.0,0.0,0.1,0.5,0.1,0.1,98.5,0.7
20190118030255,0.0,0.0,0.0,0.0,0.1,0.0,97.7,2.1
20190118030325,0.0,0.0,0.0,1.7,0.0,0.1,97.6,0.6
20190118030355,0.0,0.0,0.0,0.1,0.1,0.0,96.7,3.1
20190118030425,0.1,0.0,0.2,12.4,0.1,0.1,83.3,3.9
20190118030455,0.0,0.0,0.0,0.1,0.5,0.0,95.5,3.8
20190118030525,0.0,0.0,0.2,8.2,0.1,0.1,90.8,0.4
20190118030555,0.0,0.0,0.1,0.1,0.1,0.1,97.9,1.5
20190118030625,0.1,0.0,0.2,1.2,0.7,0.2,60.1,37.6
20190118030655,0.0,0.0,0.1,4.6,0.1,0.0,94.2,0.9
20190118030725,0.0,0.0,0.1,0.4,0.1,0.1,94.2,5.1
20190118030755,0.0,0.0,0.0,0.8,0.1,0.0,48.9,50.1
20190118030825,0.0,0.0,0.0,0.0,0.1,0.0,68.0,31.9
20190118030855,0.0,0.0,0.0,0.0,0.0,0.0,9.5,90.5
20190118030925,0.0,0.0,0.0,0.0,0.0,0.0,3.3,96.7
20190118030955,0.0,0.0,0.0,0.0,0.0,0.0,9.3,90.7
20190118031025,0.0,0.0,0.0,0.0,0.0,0.0,10.2,89.8
20190118031055,0.0,0.0,0.0,0.0,0.0,0.0,16.3,83.7
20190118031125,0.0,0.0,0.0,0.0,0.0,0.0,4.2,95.8
20190118031155,0.0,0.0,0.0,0.0,0.0,0.0,5.0,95.0
20190118031225,0.0,0.0,0.1,0.9,0.2,0.0,62.1,36.6
20190118031255,0.1,0.0,0.5,1.5,0.1,0.0,95.6,2.2
20190118031325,0.0,0.0,0.1,61.6,0.0,0.0,38.1,0.2
20190118031355,0.0,0.0,0.0,61.0,0.0,0.0,38.5,0.4
20190118031425,0.0,0.0,0.0,83.2,0.0,0.0,16.1,0.6
20190118031455,0.0,0.0,0.0,71.3,0.0,0.0,27.9,0.7
20190118031525,0.0,0.0,0.1,32.7,0.0,0.0,66.9,0.3
20190118031555,0.0,0.1,0.3,2.6,0.1,0.0,92.3,4.6
20190118031625,0.1,0.0,0.1,0.2,0.2,0.0,60.8,38.6
20190118031655,0.0,0.0,0.0,0.1,0.2,0.0,15.3,84.4
20190118031725,0.0,0.0,0.0,0.1,0.1,0.0,7.3,92.5
20190118031755,0.0,0.0,0.0,0.0,0.0,0.0,1.8,98.1
20190118031825,0.0,0.0,0.0,0.0,0.0,0.0,2.1,97.9
20190118031855,0.0,0.0,0.0,0.0,0.0,0.0,2.1,97.9
20190118031925,0.0,0.0,0.0,0.0,0.0,0.0,3.5,96.5
20190118031955,0.0,0.0,0.0,0.0,0.0,0.0,0.5,99.5
20190118032025,0.0,0.0,0.0,0.0,0.0,0.0,2.7,97.3
20190118032055,0.0,0.0,0.0,0.0,0.0,0.0,1.3,98.7
20190118032125,0.0,0.0,0.0,0.0,0.0,0.0,0.9,99.1
20190118032155,0.0,0.0,0.0,0.0,0.0,0.0,0.5,99.5
20190118032225,0.0,0.0,0.0,0.0,0.0,0.0,0.9,99.1
20190118032255,0.0,0.0,0.0,0.0,0.0,0.0,0.6,99.4
20190118032325,0.0,0.0,0.0,0.0,0.0,0.0,1.5,98.5
20190118032355,0.0,0.0,0.0,0.0,0.0,0.0,11.6,88.4
20190118032425,0.0,0.0,0.0,0.0,0.0,0.0,1.6,98.4
20190118032455,0.0,0.0,0.0,0.0,0.0,0.0,0.9,99.1
20190118032525,0.0,0.0,0.0,0.0,0.0,0.0,0.3,99.7
20190118032555,0.0,0.0,0.0,0.0,0.0,0.0,2.0,98.0
20190118032625,0.0,0.0,0.0,0.0,0.0,0.0,0.6,99.4
20190118032655,0.0,0.0,0.0,0.0,0.0,0.0,0.8,99.2
20190118032725,0.0,0.0,0.0,0.0,0.0,0.0,2.2,97.8
20190118032755,0.0,0.0,0.0,0.0,0.0,0.0,1.5,98.5
20190118032825,0.0,0.0,0.0,0.0,0.0,0.0,0.2,99.8
20190118032855,0.0,0.0,0.0,0.0,0.0,0.0,1.6,98.4
20190118032925,0.0,0.0,0.0,0.0,0.0,0.0,2.5,97.5
20190118032955,0.0,0.0,0.0,0.0,0.0,0.0,23.6,76.4
20190118033025,0.0,0.0,0.0,0.0,0.0,0.0,0.4,99.6
20190118033055,0.0,0.0,0.0,0.0,0.0,0.0,3.2,96.8
20190118033125,0.0,0.0,0.0,0.0,0.0,0.0,1.9,98.1
20190118033155,0.0,0.0,0.0,0.0,0.0,0.0,7.3,92.7
20190118033225,0.0,0.0,0.0,0.0,0.0,0.0,13.2,86.8
20190118033255,0.0,0.0,0.0,0.0,0.0,0.0,2.2,97.8
20190118033325,0.0,0.0,0.0,0.0,0.0,0.0,1.4,98.6
20190118033355,0.0,0.0,0.0,0.0,0.0,0.0,1.4,98.6
20190118033425,0.0,0.0,0.0,0.0,0.0,0.0,2.4,97.6
20190118033455,0.0,0.0,0.0,0.0,0.0,0.0,10.7,89.3
20190118033525,0.0,0.0,0.0,0.0,0.0,0.0,4.3,95.7
20190118033555,0.0,0.0,0.0,0.0,0.0,0.0,11.7,88.3
20190118033626,0.0,0.0,0.0,0.0,0.0,0.0,1.5,98.5
20190118033656,0.0,0.0,0.0,0.1,0.1,0.2,72.6,26.9
20190118033726,0.0,0.0,0.0,0.0,0.0,0.1,32.8,67.1
20190118033756,0.0,0.0,0.0,0.0,0.0,0.0,18.4,81.6
20190118033826,0.0,0.0,0.0,0.0,0.0,0.0,1.7,98.3
20190118033856,0.0,0.0,0.0,0.0,0.0,0.0,0.5,99.5
20190118033926,0.0,0.0,0.0,0.0,0.0,0.2,98.8,0.9
20190118033956,0.0,0.0,0.1,0.2,0.0,0.1,99.6,0.0
20190118034026,0.0,0.0,0.0,1.2,0.0,0.0,98.7,0.0
20190118034056,0.0,0.0,0.0,0.2,0.0,0.0,99.7,0.0
20190118034126,0.0,0.0,0.0,0.5,0.0,0.0,99.5,0.0
20190118034156,0.0,0.0,0.0,0.4,0.0,0.0,99.4,0.1
20190118034226,0.0,0.0,0.0,1.0,0.0,0.0,98.8,0.2
20190118034256,0.0,0.0,0.0,2.0,0.0,0.0,96.6,1.4
20190118034326,0.0,0.0,0.0,0.5,0.0,0.0,98.4,1.0
20190118034356,0.0,0.0,0.0,0.5,0.0,0.0,98.8,0.7
20190118034426,0.0,0.0,0.0,0.1,0.0,0.0,99.6,0.3
20190118034456,0.0,0.0,0.0,0.1,0.0,0.0,99.6,0.3
20190118034526,0.0,0.0,0.0,0.0,0.0,0.0,99.6,0.4
20190118034556,0.0,0.0,0.0,0.2,0.0,0.0,98.9,0.9
20190118034626,0.0,0.0,0.0,0.1,0.0,0.0,98.9,1.0
20190118034656,0.0,0.0,0.0,0.1,0.0,0.0,99.6,0.3
20190118034726,0.0,0.0,0.0,0.1,0.0,0.0,99.1,0.7
20190118034756,0.0,0.0,0.0,0.0,0.0,0.0,99.7,0.3
20190118034826,0.0,0.0,0.0,0.0,0.0,0.0,99.2,0.8
20190118034856,0.0,0.0,0.0,0.1,0.0,0.0,98.8,1.1
20190118034926,0.0,0.0,0.0,0.0,0.0,0.0,99.5,0.5
20190118034956,0.0,0.0,0.0,0.1,0.0,0.0,99.2,0.6
20190118035026,0.0,0.0,0.0,0.1,0.0,0.0,98.9,1.0
20190118035056,0.0,0.0,0.0,0.2,0.0,0.0,97.8,2.0
20190118035126,0.0,0.0,0.0,0.5,0.0,0.0,96.4,3.1
20190118035156,0.0,0.0,0.0,0.1,0.0,0.0,99.3,0.6
20190118035226,0.0,0.0,0.0,0.1,0.0,0.0,98.8,1.1
20190118035256,0.0,0.0,0.0,0.2,0.0,0.0,98.8,1.0
20190118035326,0.0,0.0,0.0,0.7,0.0,0.0,93.2,6.1
20190118035356,0.0,0.0,0.0,0.1,0.0,0.0,98.0,1.9
20190118035426,0.0,0.0,0.0,0.2,0.0,0.0,99.1,0.7
20190118035456,0.0,0.0,0.0,0.5,0.0,0.0,96.8,2.7
20190118035526,0.0,0.0,0.0,0.3,0.0,0.0,97.8,1.9
20190118035556,0.0,0.0,0.0,0.5,0.0,0.0,97.5,2.0
20190118035626,0.0,0.0,0.0,1.0,0.0,0.0,97.1,1.9
20190118035656,0.0,0.0,0.0,0.4,0.0,0.0,96.2,3.4
20190118035726,0.0,0.0,0.0,0.6,0.0,0.0,97.7,1.7
20190118035756,0.0,0.0,0.0,0.8,0.0,0.0,98.4,0.8
20190118035826,0.0,0.0,0.0,0.3,0.1,0.0,96.8,2.8
20190118035856,0.0,0.0,0.0,0.4,0.0,0.0,97.9,1.7
20190118035926,0.0,0.0,0.0,0.9,0.0,0.0,97.9,1.2
20190118035956,0.0,0.0,0.0,0.8,0.1,0.0,96.3,2.8
20190118040026,0.0,0.0,0.0,0.8,0.0,0.0,97.9,1.3
20190118040056,0.0,0.0,0.0,1.4,0.0,0.0,96.2,2.4
20190118040126,0.0,0.0,0.0,0.6,0.0,0.0,98.9,0.4
20190118040156,0.0,0.0,0.0,0.2,0.0,0.0,99.2,0.5
20190118040226,0.0,0.0,0.0,0.4,0.0,0.0,99.4,0.2
20190118040256,0.0,0.0,0.0,2.7,0.1,0.0,96.6,0.6
20190118040326,0.0,0.0,0.0,0.4,0.1,0.0,98.9,0.7
20190118040356,0.0,0.0,0.0,0.7,0.0,0.0,98.7,0.6
20190118040426,0.0,0.0,0.0,1.6,0.1,0.0,97.2,1.2
20190118040456,0.0,0.0,0.0,0.7,0.0,0.0,98.4,0.9
20190118040526,0.0,0.0,0.0,0.5,0.0,0.0,98.4,1.1
20190118040556,0.0,0.0,0.0,0.7,0.0,0.0,97.9,1.3
20190118040626,0.0,0.0,0.0,0.5,0.0,0.0,98.4,1.0
20190118040656,0.0,0.0,0.0,0.3,0.0,0.0,99.0,0.7
20190118040726,0.0,0.0,0.0,0.2,0.0,0.0,99.4,0.4
20190118040756,0.0,0.0,0.0,0.2,0.0,0.0,99.4,0.4
20190118040826,0.0,0.0,0.0,0.4,0.0,0.0,98.9,0.7
20190118040856,0.0,0.0,0.0,0.2,0.0,0.0,97.2,2.6
20190118040926,0.0,0.0,0.0,0.2,0.0,0.0,99.0,0.7
20190118040956,0.0,0.0,0.0,0.0,0.0,0.0,99.5,0.5
20190118041027,0.0,0.0,0.0,0.0,0.0,0.0,99.6,0.3
20190118041057,0.0,0.0,0.0,0.0,0.0,0.0,100.0,0.0
20190118041127,0.0,0.0,0.0,0.0,0.0,0.0,99.9,0.1
20190118041157,0.0,0.0,0.0,0.1,0.0,0.0,99.8,0.0
20190118041227,0.0,0.0,0.1,0.1,0.0,0.0,99.7,0.1
20190118041257,0.0,0.0,0.0,0.0,0.0,0.0,99.8,0.1
20190118041327,0.0,0.0,0.0,0.0,0.0,0.0,99.9,0.0
20190118041357,0.0,0.0,0.0,0.0,0.0,0.0,99.9,0.1
20190118041427,0.0,0.0,0.0,0.0,0.0,0.0,99.9,0.1
20190118041457,0.0,0.0,0.0,0.0,0.1,0.1,99.6,0.1
20190118041527,0.0,0.0,0.0,0.0,0.0,0.0,99.8,0.1
20190118041557,0.0,0.0,0.0,0.0,0.0,0.0,99.9,0.0
20190118041627,0.0,0.0,0.0,0.0,0.0,0.0,99.9,0.0
20190118041657,0.0,0.0,0.3,0.0,0.0,0.1,99.5,0.0
20190118041727,0.0,0.0,0.0,0.0,0.0,0.0,99.9,0.0
20190118041757,0.0,0.0,0.0,0.0,0.0,0.0,99.9,0.0
20190118041827,0.2,0.0,0.5,0.0,0.0,0.1,99.2,0.1
20190118041857,0.1,0.0,0.4,0.0,0.0,0.0,99.4,0.1
20190118041927,0.0,0.0,0.0,0.0,0.0,0.0,99.9,0.0
20190118041957,0.1,0.0,0.3,0.0,0.0,0.1,99.3,0.2
20190118042027,0.1,0.0,0.1,0.0,0.1,0.0,99.6,0.1
20190118042057,0.0,0.0,0.3,0.0,0.0,0.0,99.0,0.5
20190118042127,0.0,0.0,0.0,0.0,0.0,0.1,99.6,0.2
20190118042157,0.0,0.0,0.0,0.0,0.0,0.0,99.6,0.4
20190118042227,0.2,0.0,0.1,0.0,0.1,0.5,98.9,0.3
20190118042257,0.0,0.0,0.1,0.0,0.0,0.1,99.6,0.2
20190118042327,0.1,0.0,0.2,0.0,0.0,0.2,98.8,0.8
20190118042357,0.3,0.0,0.1,0.0,0.1,0.5,97.3,1.6
20190118042427,0.1,0.0,0.2,0.1,0.0,0.5,98.3,0.8
20190118042457,0.1,0.0,0.3,0.1,0.2,0.5,97.8,1.1
20190118042527,0.2,0.0,0.2,0.1,0.1,0.1,97.3,2.0
20190118042557,0.1,0.0,0.1,0.0,0.0,0.1,99.3,0.3
20190118042627,0.1,0.0,1.5,0.5,0.1,0.2,94.8,2.9
20190118042657,0.1,0.0,0.5,0.1,0.1,0.1,98.4,0.8
20190118042727,0.0,0.0,0.1,0.2,0.0,0.0,98.8,0.8
20190118042757,0.0,0.0,0.4,0.1,0.0,0.1,96.8,2.6
20190118042827,0.0,0.0,0.1,0.1,0.0,0.0,99.1,0.7
20190118042857,0.1,0.0,0.2,0.2,0.4,0.2,95.6,3.2
20190118042927,0.0,0.0,0.1,0.2,0.1,0.1,97.2,2.4
20190118042957,0.0,0.0,0.1,0.1,0.0,0.0,97.9,1.9
20190118043027,0.0,0.0,0.1,0.0,0.1,0.0,97.4,2.4
20190118043057,0.0,0.0,0.1,0.3,0.1,0.0,95.9,3.5
20190118043127,0.0,0.0,0.0,0.0,0.0,0.1,99.5,0.3
20190118043157,0.0,0.0,0.1,0.1,0.2,0.1,98.2,1.2
20190118043227,0.0,0.0,0.1,0.1,0.1,0.2,97.8,1.6
20190118043257,0.0,0.0,0.1,0.3,0.1,0.1,98.0,1.5
20190118043327,0.0,0.0,0.1,0.1,0.1,0.1,98.8,0.9
20190118043357,0.0,0.0,0.1,0.2,0.3,0.1,96.8,2.4
20190118043427,0.0,0.0,0.0,0.4,0.1,0.1,97.4,2.1
20190118043457,0.0,0.0,0.0,0.5,0.0,0.1,99.0,0.4
20190118043527,0.0,0.0,0.0,0.0,0.0,0.0,99.6,0.3
20190118043557,0.0,0.0,0.0,0.5,0.1,0.0,98.2,1.1
20190118043627,0.0,0.0,0.0,0.2,0.0,0.1,98.8,0.8
20190118043657,0.0,0.0,0.0,0.0,0.0,0.1,99.7,0.1
20190118043727,0.0,0.0,0.0,0.0,0.0,0.0,99.7,0.2
20190118043758,0.0,0.0,0.0,0.0,0.0,0.0,99.4,0.5
20190118043828,0.0,0.0,0.0,0.0,0.0,0.1,99.3,0.6
20190118043858,0.0,0.0,0.1,0.0,0.1,0.1,98.9,0.8
20190118043928,0.0,0.0,0.0,0.0,0.0,0.1,99.5,0.4
20190118043958,0.0,0.0,0.0,0.0,0.0,0.1,99.1,0.7
20190118044028,0.0,0.0,0.0,0.0,0.0,0.0,99.5,0.4
20190118044058,0.0,0.0,0.0,0.0,0.0,0.0,99.6,0.4
20190118044128,0.0,0.0,0.0,0.0,0.0,0.0,99.7,0.3
20190118044158,0.0,0.0,0.0,0.0,0.0,0.0,99.7,0.2
20190118044228,0.0,0.0,0.0,0.0,0.0,0.0,99.6,0.3
20190118044258,0.0,0.0,0.0,0.0,0.0,0.0,99.5,0.4
20190118044328,0.0,0.0,0.0,0.0,0.0,0.0,99.5,0.4
20190118044358,0.0,0.0,0.0,0.0,0.0,0.0,99.8,0.1
20190118044428,0.0,0.0,0.0,0.0,0.0,0.0,99.5,0.5
20190118044458,0.0,0.0,0.0,0.0,0.0,0.0,99.9,0.1
20190118044528,0.0,0.0,0.0,0.0,0.0,0.1,99.4,0.5
20190118044558,0.0,0.0,0.0,0.0,0.0,0.1,99.3,0.6
20190118044628,0.1,0.0,0.0,0.0,0.0,0.1,97.6,2.1
20190118044658,0.0,0.0,0.0,0.1,0.0,0.1,99.1,0.7
20190118044728,0.0,0.0,0.0,0.0,0.0,0.0,99.6,0.3
20190118044758,0.0,0.0,0.0,0.0,0.0,0.0,99.6,0.3
20190118044828,0.0,0.0,0.0,0.0,0.0,0.0,99.3,0.5
20190118044858,0.0,0.0,0.0,0.2,0.0,0.1,99.0,0.6
20190118044928,0.0,0.0,0.0,0.0,0.0,0.0,99.8,0.1
20190118044958,0.0,0.0,0.0,0.0,0.0,0.0,99.4,0.5
20190118045028,0.0,0.0,0.0,0.1,0.0,0.0,99.7,0.2
20190118045058,0.0,0.0,0.1,0.1,0.0,0.0,98.3,1.5
20190118045128,0.0,0.0,0.1,0.1,0.0,0.0,99.6,0.2
20190118045158,0.0,0.0,0.0,0.1,0.0,0.1,99.5,0.3
20190118045228,0.0,0.0,0.0,0.0,0.0,0.0,99.8,0.1
20190118045258,0.0,0.0,0.0,0.0,0.0,0.0,100.0,0.0
20190118045328,0.0,0.0,0.0,0.0,0.0,0.0,99.8,0.1
20190118045358,0.0,0.0,0.0,0.0,0.0,0.0,99.9,0.0
20190118045428,0.0,0.0,0.0,0.0,0.0,0.0,100.0,0.0
20190118045458,0.0,0.0,0.0,0.0,0.0,0.0,99.8,0.0
20190118045528,0.0,0.0,0.1,0.1,0.0,0.0,99.6,0.2
20190118045558,0.0,0.0,0.1,0.3,0.0,0.1,99.2,0.3
20190118045628,0.0,0.0,0.0,0.1,0.0,0.0,99.7,0.1
20190118045658,0.0,0.0,0.0,0.2,0.1,0.1,99.5,0.1
20190118045728,0.0,0.0,0.0,0.1,0.0,0.0,99.7,0.1
20190118045758,0.0,0.0,0.0,0.0,0.0,0.1,99.8,0.0
20190118045828,0.0,0.0,0.0,0.1,0.0,0.1,99.8,0.0
20190118045858,0.0,0.0,0.0,0.0,0.0,0.0,99.9,0.0
20190118045928,0.0,0.0,0.0,0.0,0.0,0.0,99.9,0.0
20190118045958,0.0,0.0,0.0,0.0,0.0,0.0,99.9,0.0
20190118050028,0.0,0.0,0.1,0.2,0.0,0.1,99.5,0.1
20190118050058,0.0,0.0,0.0,0.0,0.0,0.0,99.9,0.1
20190118050128,0.0,0.0,0.0,0.0,0.0,0.0,99.9,0.0
20190118050158,0.0,0.0,0.0,0.0,0.0,0.0,99.9,0.0
20190118050228,0.0,0.0,0.1,0.0,0.0,0.0,99.9,0.0
20190118050258,0.0,0.0,0.0,0.0,0.0,0.0,99.9,0.0
20190118050328,0.0,0.0,0.0,0.0,0.0,0.0,100.0,0.0
20190118050358,0.0,0.0,0.0,0.0,0.0,0.0,99.9,0.0
20190118050428,0.0,0.0,0.0,0.0,0.0,0.0,100.0,0.0
20190118050458,0.0,0.0,0.5,0.3,0.0,0.0,99.1,0.1
20190118050528,0.0,0.0,0.1,0.0,0.0,0.0,99.7,0.1
20190118050558,0.0,0.0,0.3,0.1,0.0,0.0,99.6,0.1
20190118050628,0.0,0.0,0.1,0.0,0.0,0.0,99.8,0.0
20190118050658,0.0,0.0,0.1,0.0,0.0,0.0,99.9,0.0
20190118050728,0.0,0.0,0.1,0.0,0.0,0.0,99.8,0.0
20190118050758,0.0,0.0,0.6,0.0,0.0,0.0,99.3,0.1
20190118050828,0.0,0.0,0.3,0.0,0.0,0.0,99.6,0.1
20190118050858,0.0,0.0,0.1,0.1,0.0,0.0,99.8,0.0
20190118050928,0.0,0.0,0.1,0.0,0.0,0.0,99.7,0.1
20190118050958,0.0,0.0,0.3,0.0,0.0,0.0,99.6,0.1
20190118051028,0.0,0.0,0.0,0.0,0.0,0.0,99.9,0.0
20190118051058,0.0,0.0,0.0,0.1,0.0,0.0,99.8,0.1
20190118051128,0.0,0.0,0.1,0.0,0.0,0.0,99.8,0.1
20190118051159,0.0,0.0,0.2,0.1,0.0,0.0,99.7,0.1
20190118051229,0.0,0.0,0.0,0.0,0.0,0.0,99.9,0.0
20190118051259,0.0,0.0,0.2,0.1,0.0,0.0,99.5,0.1
20190118051329,0.0,0.0,0.2,0.1,0.0,0.0,99.6,0.1
20190118051359,0.0,0.0,0.0,0.0,0.0,0.0,99.9,0.0
20190118051429,0.0,0.0,0.2,0.1,0.0,0.0,99.5,0.2
20190118051459,0.0,0.0,0.1,0.0,0.0,0.0,99.8,0.1
20190118051529,0.0,0.0,0.0,0.0,0.0,0.0,99.9,0.0
20190118051559,0.0,0.0,0.0,0.0,0.0,0.0,100.0,0.0
20190118051629,0.0,0.0,0.0,0.0,0.0,0.0,100.0,0.0
20190118051659,0.0,0.0,0.0,0.1,0.0,0.0,99.9,0.0
20190118051729,0.0,0.0,0.0,0.0,0.0,0.0,99.9,0.0
20190118051759,0.0,0.0,0.0,0.0,0.0,0.0,100.0,0.0
20190118051829,0.0,0.0,0.0,0.0,0.0,0.0,100.0,0.0
20190118051859,0.0,0.0,0.0,0.0,0.0,0.0,100.0,0.0
20190118051929,0.0,0.0,0.0,0.0,0.0,0.0,100.0,0.0
20190118051959,0.0,0.0,0.0,0.0,0.0,0.0,100.0,0.0
20190118052029,0.0,0.0,0.0,0.0,0.0,0.0,100.0,0.0
20190118052059,0.0,0.0,0.0,0.0,0.0,0.0,100.0,0.0
20190118052129,0.0,0.0,0.0,0.0,0.0,0.0,100.0,0.0
20190118052159,0.0,0.0,0.0,0.0,0.0,0.0,100.0,0.0
20190118052229,0.0,0.0,0.0,0.0,0.0,0.0,100.0,0.0
20190118052259,0.0,0.0,0.0,0.0,0.0,0.0,100.0,0.0
20190118052329,0.0,0.0,0.0,0.0,0.0,0.0,100.0,0.0
20190118052359,0.0,0.0,0.0,0.0,0.0,0.0,100.0,0.0
20190118052429,0.0,0.0,0.0,0.0,0.0,0.0,100.0,0.0
20190118052459,0.0,0.0,0.0,0.0,0.0,0.0,100.0,0.0
20190118052529,0.0,0.0,0.0,0.0,0.0,0.0,99.9,0.0
20190118052559,0.0,0.0,0.0,0.0,0.0,0.0,100.0,0.0
20190118052629,0.0,0.0,0.0,0.0,0.0,0.0,100.0,0.0
20190118052659,0.0,0.0,0.0,0.0,0.0,0.0,100.0,0.0
20190118052729,0.0,0.0,0.0,0.0,0.0,0.0,100.0,0.0
20190118052759,0.0,0.0,0.0,0.0,0.0,0.0,100.0,0.0
20190118052829,0.0,0.0,0.0,0.0,0.0,0.0,100.0,0.0
20190118052859,0.0,0.0,0.0,0.0,0.0,0.0,100.0,0.0
20190118052929,0.0,0.0,0.0,0.0,0.0,0.0,100.0,0.0
20190118052959,0.0,0.0,0.0,0.0,0.0,0.0,100.0,0.0
20190118053029,0.0,0.0,0.0,0.1,0.0,0.0,99.9,0.0
20190118053059,0.0,0.0,0.0,0.0,0.0,0.0,100.0,0.0
20190118053129,0.0,0.0,0.0,0.0,0.0,0.0,99.9,0.0
20190118053159,0.0,0.0,0.0,0.0,0.0,0.0,100.0,0.0
20190118053229,0.0,0.0,0.0,0.0,0.0,0.0,100.0,0.0
20190118053259,0.0,0.0,0.0,0.0,0.0,0.0,100.0,0.0
20190118053329,0.0,0.0,0.0,0.0,0.0,0.0,100.0,0.0
20190118053359,0.0,0.0,0.0,0.0,0.0,0.0,100.0,0.0
20190118053429,0.0,0.0,0.0,0.0,0.0,0.0,99.9,0.0
20190118053459,0.0,0.0,0.0,0.0,0.0,0.0,99.9,0.0
20190118053529,0.0,0.0,0.0,0.0,0.0,0.0,100.0,0.0
20190118053559,0.0,0.0,0.0,0.0,0.0,0.0,100.0,0.0
20190118053629,0.0,0.0,0.0,0.0,0.0,0.0,100.0,0.0
20190118053659,0.0,0.0,0.0,0.0,0.0,0.0,100.0,0.0
20190118053729,0.0,0.0,0.0,0.0,0.0,0.0,100.0,0.0
20190118053759,0.0,0.0,0.0,0.0,0.0,0.0,100.0,0.0
20190118053829,0.0,0.0,0.0,0.0,0.0,0.0,100.0,0.0
20190118053859,0.0,0.0,0.0,0.0,0.0,0.0,100.0,0.0
20190118053929,0.0,0.0,0.0,0.0,0.0,0.0,100.0,0.0
20190118053959,0.0,0.0,0.0,0.0,0.0,0.0,100.0,0.0
20190118054029,0.0,0.0,0.0,0.0,0.0,0.0,100.0,0.0
20190118054059,0.0,0.0,0.0,0.0,0.0,0.0,100.0,0.0
20190118054129,0.0,0.0,0.0,0.0,0.0,0.0,100.0,0.0
20190118054159,0.0,0.0,0.0,0.0,0.0,0.0,100.0,0.0
20190118054229,0.0,0.0,0.0,0.0,0.0,0.0,100.0,0.0
20190118054259,0.0,0.0,0.0,0.0,0.0,0.0,100.0,0.0
20190118054329,0.0,0.0,0.0,0.0,0.0,0.0,100.0,0.0
20190118054359,0.0,0.0,0.0,0.0,0.0,0.0,100.0,0.0
20190118054429,0.0,0.0,0.0,0.0,0.0,0.0,100.0,0.0
20190118054459,0.0,0.0,0.0,0.0,0.0,0.0,100.0,0.0
20190118054529,0.0,0.0,0.0,0.0,0.0,0.0,100.0,0.0
20190118054559,0.0,0.0,0.0,0.0,0.0,0.0,99.9,0.1
20190118054630,0.0,0.0,0.0,0.0,0.0,0.0,99.9,0.1
20190118054700,0.0,0.0,0.0,0.0,0.0,0.0,100.0,0.0
20190118054730,0.0,0.0,0.0,0.0,0.0,0.0,100.0,0.0
20190118054800,0.0,0.0,0.0,0.0,0.0,0.0,99.9,0.0
20190118054830,0.0,0.0,0.0,0.0,0.0,0.0,100.0,0.0
20190118054900,0.0,0.0,0.0,0.0,0.0,0.0,100.0,0.0
20190118054930,0.0,0.0,0.0,0.0,0.0,0.0,100.0,0.0
20190118055000,0.0,0.0,0.0,0.0,0.0,0.0,100.0,0.0
20190118055030,0.0,0.0,0.0,0.0,0.0,0.0,99.8,0.2
20190118055100,0.0,0.0,0.0,0.0,0.0,0.0,99.9,0.0
20190118055130,0.0,0.0,0.0,0.1,0.0,0.0,99.7,0.2
20190118055200,0.0,0.0,0.0,0.0,0.0,0.0,99.8,0.1
20190118055230,0.0,0.0,0.0,0.1,0.0,0.0,99.7,0.2
20190118055300,0.0,0.0,0.0,0.0,0.0,0.0,99.8,0.2
20190118055330,0.0,0.0,0.0,0.0,0.0,0.0,99.9,0.0
20190118055400,0.0,0.0,0.0,0.0,0.0,0.0,100.0,0.0
20190118055430,0.0,0.0,0.0,0.0,0.0,0.0,99.8,0.1
20190118055500,0.0,0.0,0.0,0.0,0.0,0.0,99.6,0.3
20190118055530,0.0,0.0,0.0,0.1,0.0,0.0,99.6,0.4
20190118055600,0.0,0.0,0.1,0.2,0.1,0.0,98.3,1.3
20190118055630,0.0,0.0,0.1,0.2,0.1,0.0,99.3,0.4
20190118055700,0.0,0.0,0.1,0.5,0.1,0.0,98.4,1.0
20190118055730,0.0,0.0,0.0,0.1,0.0,0.0,99.2,0.6
20190118055800,0.0,0.0,0.1,0.1,0.2,0.0,97.9,1.7
20190118055830,0.0,0.0,0.3,0.5,0.4,0.0,96.6,2.3
20190118055900,0.0,0.0,0.2,0.3,0.2,0.0,97.6,1.7
20190118055930,0.0,0.0,0.1,0.5,0.3,0.0,96.4,2.7
20190118060000,0.0,0.0,0.6,1.0,2.0,0.0,91.2,5.2
20190118060030,0.0,0.0,0.2,0.6,1.0,0.0,82.9,15.3
20190118060100,0.0,0.0,0.1,0.3,0.5,0.0,95.7,3.4
20190118060130,0.0,0.0,0.1,0.1,0.3,0.0,93.3,6.2
20190118060200,0.0,0.0,0.1,0.3,3.5,0.0,83.5,12.7
20190118060230,0.0,0.0,0.0,0.4,0.8,0.0,88.7,10.1
20190118060300,0.0,0.0,0.2,0.2,3.0,0.0,88.8,7.8
20190118060330,0.0,0.0,0.1,0.2,2.4,0.0,76.4,21.0
20190118060400,0.0,0.0,0.2,0.2,2.7,0.0,82.2,14.6
20190118060430,0.0,0.0,0.2,0.9,1.1,0.0,62.5,35.3
20190118060500,0.0,0.0,0.4,0.3,5.6,0.0,80.4,13.3
20190118060530,0.0,0.0,0.0,1.4,2.3,0.0,66.7,29.5
20190118060600,0.0,0.0,0.1,0.2,3.2,0.0,66.0,30.5
20190118060630,0.0,0.0,0.0,0.5,1.1,0.0,20.8,77.6
20190118060700,0.0,0.0,0.0,0.8,0.7,0.0,44.0,54.5
20190118060730,0.0,0.0,0.1,0.2,11.2,0.0,39.0,49.6
20190118060800,0.0,0.0,0.0,0.5,2.4,0.0,22.4,74.7
20190118060830,0.0,0.0,0.0,0.1,0.6,0.0,29.7,69.5
20190118060900,0.0,0.0,0.0,0.3,1.3,0.0,9.9,88.5
20190118060930,0.0,0.0,0.0,0.3,0.7,0.0,14.5,84.4
20190118061000,0.0,0.0,0.1,0.3,3.8,0.0,15.7,80.1
20190118061030,0.0,0.0,0.0,0.2,1.7,0.0,9.3,88.8
20190118061100,0.0,0.0,0.0,0.2,1.9,0.0,3.5,94.5
20190118061130,0.0,0.0,0.0,0.1,0.8,0.0,1.7,97.5
20190118061200,0.0,0.0,0.0,0.0,1.4,0.0,1.0,97.6
20190118061230,0.0,0.0,0.0,0.0,0.3,0.0,2.3,97.4
20190118061300,0.0,0.0,0.0,0.0,0.1,0.0,1.2,98.7
20190118061331,0.0,0.0,0.0,0.0,0.3,0.0,0.4,99.2
20190118061401,0.0,0.0,0.0,0.0,0.3,0.0,0.2,99.5
20190118061431,0.0,0.0,0.0,0.0,0.6,0.0,0.3,99.0
20190118061501,0.0,0.0,0.0,0.0,0.5,0.0,0.2,99.3
20190118061531,0.0,0.0,0.0,0.0,0.1,0.0,0.1,99.8
20190118061601,0.0,0.0,0.0,0.0,0.1,0.0,0.0,99.9
20190118061631,0.0,0.0,0.0,0.0,0.4,0.0,0.0,99.5
20190118061701,0.0,0.0,0.0,0.0,0.1,0.0,0.0,99.9
20190118061731,0.0,0.0,0.0,0.0,0.0,0.0,0.0,100.0
20190118061801,0.0,0.0,0.0,0.0,0.1,0.0,0.0,99.9
20190118061831,0.0,0.0,0.0,0.0,0.1,0.0,0.0,99.9
20190118061901,0.0,0.0,0.0,0.0,0.0,0.0,0.0,100.0
20190118061931,0.0,0.0,0.0,0.0,0.0,0.0,0.0,100.0
20190118062001,0.0,0.0,0.0,0.0,0.2,0.0,0.0,99.8
20190118062031,0.0,0.0,0.0,0.0,0.0,0.0,0.0,100.0
20190118062101,0.0,0.0,0.0,0.0,0.2,0.0,0.0,99.8
20190118062131,0.0,0.0,0.0,0.0,0.0,0.0,0.0,100.0
20190118062201,0.0,0.0,0.0,0.0,0.0,0.0,0.0,100.0
20190118062231,0.0,0.0,0.0,0.0,0.0,0.0,0.0,100.0
20190118062301,0.0,0.0,0.0,0.0,0.0,0.0,0.0,100.0
20190118062331,0.0,0.0,0.0,0.0,0.0,0.0,0.0,100.0
20190118062401,0.0,0.0,0.0,0.0,0.0,0.0,0.0,100.0
20190118062431,0.0,0.0,0.0,0.0,0.0,0.0,0.0,100.0
20190118062501,0.0,0.0,0.0,0.0,0.1,0.0,0.0,99.9
20190118062531,0.0,0.0,0.0,0.0,0.0,0.0,0.0,100.0
20190118062601,0.0,0.0,0.0,0.0,0.0,0.0,0.0,100.0
20190118062631,0.0,0.0,0.0,0.0,0.0,0.0,0.0,100.0
20190118062701,0.0,0.0,0.0,0.0,0.0,0.0,0.0,100.0
20190118062731,0.0,0.0,0.0,0.0,0.1,0.0,0.0,99.9
20190118062801,0.0,0.0,0.0,0.0,0.3,0.0,0.0,99.7
20190118062831,0.0,0.0,0.0,0.0,0.8,0.0,0.0,99.1
20190118062901,0.0,0.0,0.0,0.0,0.8,0.0,0.1,99.1
20190118062931,0.0,0.0,0.0,0.0,1.1,0.0,0.1,98.9
20190118063001,0.0,0.0,0.0,0.0,0.6,0.0,0.0,99.4
20190118063031,0.0,0.0,0.0,0.0,0.8,0.0,0.1,99.1
20190118063101,0.0,0.0,0.0,0.0,0.3,0.0,0.0,99.7
20190118063131,0.0,0.0,0.0,0.0,0.4,0.0,0.1,99.6
20190118063201,0.0,0.0,0.0,0.0,0.2,0.0,0.0,99.7
20190118063231,0.0,0.0,0.0,0.0,0.6,0.0,0.1,99.3
20190118063301,0.0,0.0,0.0,0.0,0.8,0.0,0.0,99.2
20190118063331,0.0,0.0,0.0,0.0,0.2,0.0,0.0,99.8
20190118063401,0.0,0.0,0.0,0.0,0.1,0.0,0.0,99.8
20190118063431,0.0,0.0,0.0,0.0,0.1,0.0,0.0,99.9
20190118063501,0.0,0.0,0.0,0.0,0.1,0.0,0.0,99.9
20190118063531,0.0,0.0,0.0,0.0,0.1,0.0,0.0,99.9
20190118063601,0.0,0.0,0.0,0.0,0.1,0.0,0.0,99.9
20190118063631,0.0,0.0,0.0,0.0,0.0,0.0,0.0,100.0
20190118063701,0.0,0.0,0.0,0.0,0.0,0.0,0.0,100.0
20190118063731,0.0,0.0,0.0,0.0,0.0,0.0,0.0,100.0
20190118063801,0.0,0.0,0.0,0.0,0.0,0.0,0.0,100.0
20190118063831,0.0,0.0,0.0,0.0,0.0,0.0,0.0,100.0
20190118063901,0.0,0.0,0.0,0.0,0.0,0.0,0.0,100.0
20190118063931,0.0,0.0,0.0,0.0,0.0,0.0,0.0,100.0
20190118064001,0.0,0.0,0.0,0.0,0.0,0.0,0.0,100.0
20190118064031,0.0,0.0,0.0,0.0,0.0,0.0,0.0,100.0
20190118064101,0.0,0.0,0.0,0.0,0.0,0.0,0.0,100.0
20190118064131,0.0,0.0,0.0,0.0,0.0,0.0,0.0,100.0
20190118064201,0.0,0.0,0.0,0.0,0.0,0.0,0.0,100.0
20190118064231,0.0,0.0,0.0,0.0,0.0,0.0,0.0,100.0
20190118064301,0.0,0.0,0.0,0.0,0.0,0.0,0.0,100.0
20190118064331,0.0,0.0,0.0,0.0,0.0,0.0,0.0,100.0
20190118064401,0.0,0.0,0.0,0.0,0.0,0.0,0.0,100.0
20190118064805,0.0,0.0,0.0,0.0,0.0,0.0,0.0,100.0
20190118064835,0.0,0.0,0.0,0.0,0.0,0.0,0.0,100.0
20190118064906,0.0,0.0,0.0,0.0,0.0,0.0,0.0,100.0
20190118064936,0.0,0.0,0.0,0.0,0.0,0.0,0.0,100.0
20190118065006,0.0,0.0,0.0,0.0,0.0,0.0,0.0,100.0
20190118065036,0.0,0.0,0.0,0.0,0.0,0.0,0.0,100.0
20190118065106,0.0,0.0,0.0,0.0,0.0,0.0,0.0,100.0
20190118065136,0.0,0.0,0.0,0.0,0.0,0.0,0.0,100.0
20190118065206,0.0,0.0,0.0,0.0,0.0,0.0,0.0,100.0
20190118065236,0.0,0.0,0.0,0.0,0.0,0.0,0.0,100.0
20190118065306,0.0,0.0,0.0,0.0,0.0,0.0,0.0,100.0
20190118065336,0.0,0.0,0.0,0.0,0.0,0.0,0.0,100.0
20190118065406,0.0,0.0,0.0,0.0,0.0,0.0,0.0,100.0
20190118065436,0.0,0.0,0.0,0.0,0.0,0.0,0.0,100.0
20190118065506,0.0,0.0,0.0,0.0,0.0,0.0,0.0,100.0
20190118065536,0.0,0.0,0.0,0.0,0.0,0.0,0.0,100.0
20190118065606,0.0,0.0,0.0,0.0,0.0,0.0,0.0,100.0
20190118065636,0.0,0.0,0.0,0.0,0.0,0.0,0.0,100.0
20190118065706,0.0,0.0,0.0,0.0,0.0,0.0,0.0,100.0
20190118065736,0.0,0.0,0.0,0.0,0.0,0.0,0.0,100.0
20190118065806,0.0,0.0,0.0,0.0,0.0,0.0,0.0,100.0
20190118065836,0.0,0.0,0.0,0.0,0.0,0.0,0.0,100.0
20190118065906,0.0,0.0,0.0,0.0,0.0,0.0,0.0,100.0
20190118065936,0.0,0.0,0.0,0.0,0.0,0.0,0.0,100.0
20190118070006,0.0,0.0,0.0,0.0,0.0,0.0,0.0,100.0
20190118070036,0.0,0.0,0.0,0.0,0.0,0.0,0.0,100.0
20190118070106,0.0,0.0,0.0,0.0,0.0,0.0,0.0,100.0
20190118070136,0.0,0.0,0.0,0.0,0.0,0.0,0.0,100.0
20190118070206,0.0,0.0,0.0,0.0,0.0,0.0,0.0,100.0
20190118070236,0.0,0.0,0.0,0.0,0.0,0.0,0.0,100.0
20190118070306,0.0,0.0,0.0,0.0,0.0,0.0,0.0,100.0
20190118070336,0.0,0.0,0.0,0.0,0.0,0.0,0.0,100.0
20190118070406,0.0,0.0,0.0,0.0,0.0,0.0,0.0,100.0
20190118070436,0.0,0.0,0.0,0.0,0.0,0.0,0.0,100.0
20190118070506,0.0,0.0,0.0,0.0,0.0,0.0,0.0,100.0
20190118070536,0.0,0.0,0.0,0.0,0.0,0.0,0.0,100.0
20190118070606,0.0,0.0,0.0,0.0,0.0,0.0,0.0,100.0
20190118070636,0.0,0.0,0.0,0.0,0.0,0.0,0.0,100.0
20190118070706,0.0,0.0,0.0,0.0,0.0,0.0,0.0,100.0
20190118070736,0.0,0.0,0.0,0.0,0.0,0.0,0.0,100.0
20190118070806,0.0,0.0,0.0,0.0,0.0,0.0,0.0,100.0
20190118070836,0.0,0.0,0.0,0.0,0.0,0.0,0.0,100.0
20190118070906,0.0,0.0,0.0,0.0,0.0,0.0,0.0,100.0
20190118070936,0.0,0.0,0.0,0.0,0.0,0.0,0.0,100.0
20190118071006,0.0,0.0,0.0,0.0,0.0,0.0,0.0,100.0
20190118071036,0.0,0.0,0.0,0.0,0.0,0.0,0.0,100.0
20190118071106,0.0,0.0,0.0,0.0,0.0,0.0,0.0,100.0
20190118071136,0.0,0.0,0.0,0.0,0.0,0.0,0.0,100.0
20190118071206,0.0,0.0,0.0,0.0,0.0,0.0,0.0,100.0
20190118071236,0.0,0.0,0.0,0.0,0.0,0.0,0.0,100.0
20190118071306,0.0,0.0,0.0,0.0,0.0,0.0,0.0,100.0
20190118071336,0.0,0.0,0.0,0.0,0.0,0.0,0.0,100.0
20190118071406,0.0,0.0,0.0,0.0,0.0,0.0,0.0,100.0
20190118071436,0.0,0.0,0.0,0.0,0.0,0.0,0.0,100.0
20190118071506,0.0,0.0,0.0,0.0,0.0,0.0,0.0,100.0
20190118071536,0.0,0.0,0.0,0.0,0.0,0.0,0.0,100.0
20190118071606,0.0,0.0,0.0,0.0,0.0,0.0,0.0,100.0
20190118071636,0.0,0.0,0.0,0.0,0.0,0.0,0.0,100.0
20190118071706,0.0,0.0,0.0,0.0,0.0,0.0,0.0,100.0
20190118071736,0.0,0.0,0.0,0.0,0.0,0.0,0.0,100.0
20190118071806,0.0,0.0,0.0,0.0,0.0,0.0,0.0,100.0
20190118071836,0.0,0.0,0.0,0.0,0.0,0.0,0.0,100.0
20190118071906,0.0,0.0,0.0,0.0,0.0,0.0,0.0,100.0
20190118071936,0.0,0.0,0.0,0.0,0.0,0.0,0.0,100.0
20190118072006,0.0,0.0,0.0,0.0,0.0,0.0,0.0,100.0
20190118072036,0.0,0.0,0.0,0.0,0.0,0.0,0.0,100.0
20190118072106,0.0,0.0,0.0,0.0,0.0,0.0,0.0,100.0
20190118072136,0.0,0.0,0.0,0.0,0.0,0.0,0.0,100.0
20190118072206,0.0,0.0,0.0,0.0,0.0,0.0,0.0,100.0
20190118072236,0.0,0.0,0.0,0.0,0.0,0.0,0.0,100.0
20190118072307,0.0,0.0,0.0,0.0,0.0,0.0,0.0,100.0
20190118072337,0.0,0.0,0.0,0.0,0.0,0.0,0.0,100.0
20190118072407,0.0,0.0,0.0,0.0,0.0,0.0,0.0,100.0
20190118072437,0.0,0.0,0.0,0.0,0.0,0.0,0.0,100.0
20190118072507,0.0,0.0,0.0,0.0,0.0,0.0,0.0,100.0
20190118072537,0.0,0.0,0.0,0.0,0.0,0.0,0.0,100.0
20190118072607,0.0,0.0,0.0,0.0,0.0,0.0,0.0,100.0
20190118072637,0.0,0.0,0.0,0.0,0.0,0.0,0.0,100.0
20190118072707,0.0,0.0,0.0,0.0,0.0,0.0,0.0,100.0
20190118072737,0.0,0.0,0.0,0.0,0.0,0.0,0.0,100.0
20190118072807,0.0,0.0,0.0,0.0,0.0,0.0,0.0,100.0
20190118072837,0.0,0.0,0.0,0.0,0.0,0.0,0.0,100.0
20190118072907,0.0,0.0,0.0,0.0,0.0,0.0,0.0,100.0
20190118072937,0.0,0.0,0.0,0.0,0.0,0.0,0.0,100.0
20190118073007,0.0,0.0,0.0,0.0,0.0,0.0,0.0,100.0
20190118073037,0.0,0.0,0.0,0.0,0.0,0.0,0.0,100.0
20190118073107,0.0,0.0,0.0,0.0,0.0,0.0,0.0,100.0
20190118073137,0.0,0.0,0.0,0.0,0.0,0.0,0.0,100.0
20190118073207,0.0,0.0,0.0,0.0,0.0,0.0,0.0,100.0
20190118073237,0.0,0.0,0.0,0.0,0.0,0.0,0.0,100.0
20190118073307,0.0,0.0,0.0,0.0,0.0,0.0,0.0,100.0
20190118073337,0.0,0.0,0.0,0.0,0.0,0.0,0.0,100.0
20190118073407,0.0,0.0,0.0,0.0,0.0,0.0,0.0,100.0
20190118073437,0.0,0.0,0.0,0.0,0.0,0.0,0.0,100.0
20190118073507,0.0,0.0,0.0,0.0,0.0,0.0,0.0,100.0
20190118073537,0.0,0.0,0.0,0.0,0.0,0.0,0.0,100.0
20190118073607,0.0,0.0,0.0,0.0,0.0,0.0,0.0,100.0
20190118073637,0.0,0.0,0.0,0.0,0.0,0.0,0.0,100.0
20190118073707,0.0,0.0,0.0,0.0,0.0,0.0,0.0,100.0
20190118073737,0.0,0.0,0.0,0.0,0.0,0.0,0.0,100.0
20190118073807,0.0,0.0,0.0,0.0,0.0,0.0,0.0,100.0
20190118073837,0.0,0.0,0.0,0.0,0.0,0.0,0.0,100.0
20190118073907,0.0,0.0,0.0,0.0,0.0,0.0,0.0,100.0
20190118073937,0.0,0.0,0.0,0.0,0.0,0.0,0.0,100.0
20190118074007,0.0,0.0,0.0,0.0,0.0,0.0,0.0,100.0
20190118074037,0.0,0.0,0.0,0.0,0.0,0.0,0.0,100.0
20190118074107,0.0,0.0,0.0,0.0,0.0,0.0,0.0,100.0
20190118074137,0.0,0.0,0.0,0.0,0.0,0.0,0.0,100.0
20190118074207,0.0,0.0,0.0,0.0,0.0,0.0,0.0,100.0
20190118074237,0.0,0.0,0.0,0.0,0.0,0.0,0.0,100.0
20190118074307,0.0,0.0,0.0,0.0,0.0,0.0,0.0,100.0
20190118074337,0.0,0.0,0.0,0.0,0.0,0.0,0.0,100.0
20190118074407,0.0,0.0,0.0,0.0,0.0,0.0,0.0,100.0
20190118074437,0.0,0.0,0.0,0.0,0.0,0.0,0.0,100.0
20190118074507,0.0,0.0,0.0,0.0,0.0,0.0,0.0,100.0
20190118074537,0.0,0.0,0.0,0.0,0.0,0.0,0.0,100.0
