UT,arc,discrete,diffuse,ac,ab,clear,cloudy,dd
20171207131500,0.0,0.0,0.0,0.0,0.0,0.0,0.0,100.0
20171207131530,0.0,0.0,0.0,0.0,0.0,0.0,0.0,100.0
20171207131600,0.0,0.0,0.0,0.0,0.0,0.0,0.0,100.0
20171207131630,0.0,0.0,0.0,0.0,0.0,0.0,0.0,100.0
20171207131700,0.0,0.0,0.0,0.0,0.0,0.0,0.0,100.0
20171207131730,0.0,0.0,0.0,0.0,0.0,0.0,0.0,100.0
20171207131800,0.0,0.0,0.0,0.0,0.0,0.0,0.0,100.0
20171207131830,0.0,0.0,0.0,0.0,0.0,0.0,0.0,100.0
20171207131900,0.0,0.0,0.0,0.0,0.0,0.0,0.0,100.0
20171207131930,0.0,0.0,0.0,0.0,0.0,0.0,0.0,100.0
20171207132001,0.0,0.0,0.0,0.0,0.0,0.0,0.0,100.0
20171207132031,0.0,0.0,0.0,0.0,0.0,0.0,0.0,100.0
20171207132101,0.0,0.0,0.0,0.0,0.0,0.0,0.0,100.0
20171207132131,0.0,0.0,0.0,0.0,0.0,0.0,0.0,100.0
20171207132201,0.0,0.0,0.0,0.0,0.0,0.0,0.0,100.0
20171207132231,0.0,0.0,0.0,0.0,0.0,0.0,0.0,100.0
20171207132301,0.0,0.0,0.0,0.0,0.0,0.0,0.0,100.0
20171207132331,0.0,0.0,0.0,0.0,0.0,0.0,0.0,100.0
20171207132401,0.0,0.0,0.0,0.0,0.0,0.0,0.0,100.0
20171207132431,0.0,0.0,0.0,0.0,0.0,0.0,0.0,100.0
20171207132501,0.0,0.0,0.0,0.0,0.0,0.0,0.0,100.0
20171207132531,0.0,0.0,0.0,0.0,0.0,0.0,0.0,100.0
20171207132601,0.0,0.0,0.0,0.0,0.0,0.0,0.0,100.0
20171207132631,0.0,0.0,0.0,0.0,0.0,0.0,0.0,100.0
20171207132701,0.0,0.0,0.0,0.0,0.0,0.0,0.0,100.0
20171207132731,0.0,0.0,0.0,0.0,0.0,0.0,0.0,100.0
20171207132801,0.0,0.0,0.0,0.0,0.0,0.0,0.0,100.0
20171207132831,0.0,0.0,0.0,0.0,0.0,0.0,0.0,100.0
20171207132901,0.0,0.0,0.0,0.0,0.0,0.0,0.0,100.0
20171207132931,0.0,0.0,0.0,0.0,0.0,0.0,0.0,100.0
20171207133001,0.0,0.0,0.0,0.0,0.0,0.0,0.0,100.0
20171207133031,0.0,0.0,0.0,0.0,0.0,0.0,0.0,100.0
20171207133101,0.0,0.0,0.0,0.0,0.0,0.0,0.0,100.0
20171207133131,0.0,0.0,0.0,0.0,0.0,0.0,0.0,100.0
20171207133201,0.0,0.0,0.0,0.0,0.0,0.0,0.0,100.0
20171207133231,0.0,0.0,0.0,0.0,0.0,0.0,0.0,100.0
20171207133301,0.0,0.0,0.0,0.0,0.0,0.0,0.0,100.0
20171207133331,0.0,0.0,0.0,0.0,0.0,0.0,0.0,100.0
20171207133401,0.0,0.0,0.0,0.0,0.0,0.0,0.0,100.0
20171207133431,0.0,0.0,0.0,0.0,0.0,0.0,0.0,100.0
20171207133501,0.0,0.0,0.0,0.0,0.0,0.0,0.0,100.0
20171207133531,0.0,0.0,0.0,0.0,0.0,0.0,0.0,100.0
20171207133601,0.0,0.0,0.0,0.0,0.0,0.0,0.0,100.0
20171207133631,0.0,0.0,0.0,0.0,0.0,0.0,0.0,100.0
20171207133701,0.0,0.0,0.0,0.0,0.0,0.0,0.0,100.0
20171207133731,0.0,0.0,0.0,0.0,0.0,0.0,0.0,100.0
20171207133801,0.0,0.0,0.0,0.0,0.0,0.0,0.0,100.0
20171207133831,0.0,0.0,0.0,0.0,0.0,0.0,0.0,100.0
20171207133901,0.0,0.0,0.0,0.0,0.0,0.0,0.0,100.0
20171207133931,0.0,0.0,0.0,0.0,0.0,0.0,0.0,100.0
20171207134001,0.0,0.0,0.0,0.0,0.0,0.0,0.0,100.0
20171207134031,0.0,0.0,0.0,0.0,0.0,0.0,0.0,100.0
20171207134101,0.0,0.0,0.0,0.0,0.0,0.0,0.0,100.0
20171207134131,0.0,0.0,0.0,0.0,0.0,0.0,0.0,100.0
20171207134201,0.0,0.0,0.0,0.0,0.0,0.0,0.0,100.0
20171207134231,0.0,0.0,0.0,0.0,0.0,0.0,0.0,100.0
20171207134301,0.0,0.0,0.0,0.0,0.0,0.0,0.0,100.0
20171207134331,0.0,0.0,0.0,0.0,0.0,0.0,0.0,100.0
20171207134401,0.0,0.0,0.0,0.0,0.0,0.0,0.0,100.0
20171207134431,0.0,0.0,0.0,0.0,0.0,0.0,0.0,100.0
20171207134501,0.0,0.0,0.0,0.0,0.0,0.0,0.0,100.0
20171207134531,0.0,0.0,0.0,0.0,0.0,0.0,0.0,100.0
20171207134601,0.0,0.0,0.0,0.0,0.0,0.0,0.0,100.0
20171207134631,0.0,0.0,0.0,0.0,0.0,0.0,0.0,100.0
20171207134702,0.0,0.0,0.0,0.0,0.0,0.0,0.0,100.0
20171207134732,0.0,0.0,0.0,0.0,0.0,0.0,0.0,100.0
20171207134802,0.0,0.0,0.0,0.0,0.0,0.0,0.0,100.0
20171207134832,0.0,0.0,0.0,0.0,0.0,0.0,0.0,100.0
20171207134902,0.0,0.0,0.0,0.0,0.0,0.0,0.0,100.0
20171207134932,0.0,0.0,0.0,0.0,0.0,0.0,0.0,100.0
20171207135002,0.0,0.0,0.0,0.0,0.0,0.0,0.0,100.0
20171207135032,0.0,0.0,0.0,0.0,0.0,0.0,0.0,100.0
20171207135102,0.0,0.0,0.0,0.0,0.0,0.0,0.0,100.0
20171207135132,0.0,0.0,0.0,0.0,0.0,0.0,0.0,100.0
20171207135202,0.0,0.0,0.0,0.0,0.0,0.0,0.0,100.0
20171207135232,0.0,0.0,0.0,0.0,0.0,0.0,0.0,100.0
20171207135302,0.0,0.0,0.0,0.0,0.0,0.0,0.0,100.0
20171207135332,0.0,0.0,0.0,0.0,0.0,0.0,0.0,100.0
20171207135402,0.0,0.0,0.0,0.0,0.0,0.0,0.0,100.0
20171207135432,0.0,0.0,0.0,0.0,0.0,0.0,0.0,100.0
20171207135502,0.0,0.0,0.0,0.0,0.0,0.0,0.0,100.0
20171207135532,0.0,0.0,0.0,0.0,0.0,0.0,0.0,100.0
20171207135602,0.0,0.0,0.0,0.0,0.0,0.0,0.0,100.0
20171207135632,0.0,0.0,0.0,0.0,0.0,0.0,0.0,100.0
20171207135702,0.0,0.0,0.0,0.0,0.0,0.0,0.0,100.0
20171207135732,0.0,0.0,0.0,0.0,0.0,0.0,0.0,100.0
20171207135802,0.0,0.0,0.0,0.0,0.0,0.0,0.0,100.0
20171207135832,0.0,0.0,0.0,0.0,0.0,0.0,0.0,100.0
20171207135902,0.0,0.0,0.0,0.0,0.0,0.0,0.0,100.0
20171207135932,0.0,0.0,0.0,0.0,0.0,0.0,0.0,100.0
20171207140002,0.0,0.0,0.0,0.0,0.0,0.0,0.0,100.0
20171207140032,0.0,0.0,0.0,0.0,0.0,0.0,0.0,100.0
20171207140102,0.0,0.0,0.0,0.0,0.0,0.0,0.0,100.0
20171207140132,0.0,0.0,0.0,0.0,0.0,0.0,0.0,100.0
20171207140202,0.0,0.0,0.0,0.0,0.0,0.0,0.0,100.0
20171207140232,0.0,0.0,0.0,0.0,0.0,0.0,0.0,100.0
20171207140302,0.0,0.0,0.0,0.0,0.0,0.0,0.0,100.0
20171207140332,0.0,0.0,0.0,0.0,0.0,0.0,0.0,100.0
20171207140402,0.0,0.0,0.0,0.0,0.0,0.0,0.0,100.0
20171207140432,0.0,0.0,0.0,0.0,0.0,0.0,0.0,100.0
20171207140502,0.0,0.0,0.0,0.0,0.0,0.0,0.0,100.0
20171207140532,0.0,0.0,0.0,0.0,0.0,0.0,0.0,100.0
20171207140602,0.0,0.0,0.0,0.0,0.0,0.0,0.0,100.0
20171207140632,0.0,0.0,0.0,0.0,0.0,0.0,0.0,100.0
20171207140702,0.0,0.0,0.0,0.0,0.0,0.0,0.0,100.0
20171207140732,0.0,0.0,0.0,0.0,0.0,0.0,0.0,100.0
20171207140802,0.0,0.0,0.0,0.0,0.0,0.0,0.0,100.0
20171207140832,0.0,0.0,0.0,0.0,0.0,0.0,0.0,100.0
20171207140902,0.0,0.0,0.0,0.0,0.0,0.0,0.0,100.0
20171207140932,0.0,0.0,0.0,0.0,0.0,0.0,0.0,100.0
20171207141002,0.0,0.0,0.0,0.0,0.0,0.0,0.0,100.0
20171207141032,0.0,0.0,0.0,0.0,0.0,0.0,0.0,100.0
20171207141102,0.0,0.0,0.0,0.0,0.0,0.0,0.0,100.0
20171207141132,0.0,0.0,0.0,0.0,0.0,0.0,0.0,100.0
20171207141202,0.0,0.0,0.0,0.0,0.0,0.0,0.0,100.0
20171207141232,0.0,0.0,0.0,0.0,0.0,0.0,0.0,100.0
20171207141302,0.0,0.0,0.0,0.0,0.0,0.0,0.0,100.0
20171207141332,0.0,0.0,0.0,0.0,0.0,0.0,0.0,100.0
20171207141402,0.0,0.0,0.0,0.0,0.0,0.0,0.0,100.0
20171207141432,0.0,0.0,0.0,0.0,0.0,0.0,0.0,100.0
20171207141632,0.0,0.0,0.0,0.0,0.0,0.0,0.0,100.0
20171207141702,0.0,0.0,0.0,0.0,0.0,0.0,0.0,100.0
20171207141732,0.0,0.0,0.0,0.0,0.0,0.0,0.0,100.0
20171207141802,0.0,0.0,0.0,0.0,0.0,0.0,0.0,100.0
20171207141832,0.0,0.0,0.0,0.0,0.0,0.0,0.0,100.0
20171207141902,0.0,0.0,0.0,0.0,0.0,0.0,0.0,100.0
20171207141932,0.0,0.0,0.0,0.0,0.0,0.0,0.0,100.0
20171207142002,0.0,0.0,0.0,0.0,0.0,0.0,0.0,100.0
20171207142032,0.0,0.0,0.0,0.0,0.0,0.0,0.0,100.0
20171207142102,0.0,0.0,0.0,0.0,0.0,0.0,0.0,100.0
20171207142133,0.0,0.0,0.0,0.0,0.0,0.0,0.0,100.0
20171207142203,0.0,0.0,0.0,0.0,0.0,0.0,0.0,100.0
20171207142233,0.0,0.0,0.0,0.0,0.0,0.0,0.0,100.0
20171207142303,0.0,0.0,0.0,0.0,0.0,0.0,0.0,100.0
20171207142333,0.0,0.0,0.0,0.0,0.0,0.0,0.0,100.0
20171207142403,0.0,0.0,0.0,0.0,0.0,0.0,0.0,100.0
20171207142433,0.0,0.0,0.0,0.0,0.0,0.0,0.0,100.0
20171207142503,0.0,0.0,0.0,0.0,0.0,0.0,0.0,100.0
20171207142533,0.0,0.0,0.0,0.0,0.0,0.0,0.0,100.0
20171207142603,0.0,0.0,0.0,0.0,0.0,0.0,0.0,100.0
20171207142633,0.0,0.0,0.0,0.0,0.0,0.0,0.0,100.0
20171207142703,0.0,0.0,0.0,0.0,0.0,0.0,0.0,100.0
20171207142733,0.0,0.0,0.0,0.0,0.0,0.0,0.0,100.0
20171207142803,0.0,0.0,0.0,0.0,0.0,0.0,0.0,100.0
20171207142833,0.0,0.0,0.0,0.0,0.0,0.0,0.0,100.0
20171207142903,0.0,0.0,0.0,0.0,0.0,0.0,0.0,100.0
20171207142933,0.0,0.0,0.0,0.0,0.0,0.0,0.0,100.0
20171207143003,0.0,0.0,0.0,0.0,0.0,0.0,0.0,100.0
20171207143033,0.0,0.0,0.0,0.0,0.0,0.0,0.0,100.0
20171207143103,0.0,0.0,0.0,0.0,0.0,0.0,0.0,100.0
20171207143133,0.0,0.0,0.0,0.0,0.0,0.0,0.0,100.0
20171207143203,0.0,0.0,0.0,0.0,0.0,0.0,0.0,100.0
20171207143233,0.0,0.0,0.0,0.0,0.0,0.0,0.0,100.0
20171207143303,0.0,0.0,0.0,0.0,0.0,0.0,0.0,100.0
20171207143333,0.0,0.0,0.0,0.0,0.0,0.0,0.0,100.0
20171207143403,0.0,0.0,0.0,0.0,0.0,0.0,0.0,100.0
20171207143433,0.0,0.0,0.0,0.0,0.0,0.0,0.0,100.0
20171207143503,0.0,0.0,0.0,0.0,0.0,0.0,0.0,100.0
20171207143533,0.0,0.0,0.0,0.0,0.0,0.0,0.0,100.0
20171207143603,0.0,0.0,0.0,0.0,0.0,0.0,0.0,100.0
20171207143633,0.0,0.0,0.0,0.0,0.0,0.0,0.0,100.0
20171207143703,4.1,4.8,0.0,0.0,25.8,0.0,0.0,65.2
20171207143733,0.0,0.0,0.0,0.0,0.2,0.0,0.0,99.8
20171207143803,0.2,0.0,0.0,0.0,3.1,0.0,0.0,96.7
20171207143833,0.0,0.0,0.0,0.0,0.0,0.0,0.0,100.0
20171207143903,0.0,0.0,0.0,0.0,0.0,0.0,0.0,100.0
20171207143933,0.0,0.0,0.0,0.0,0.0,0.0,0.0,100.0
20171207144003,1.3,0.0,0.0,0.0,0.6,0.0,0.0,98.1
20171207144033,0.0,0.0,0.0,0.0,0.0,0.0,0.0,100.0
20171207144103,0.0,0.0,0.0,0.0,0.0,0.0,0.0,100.0
20171207144133,0.0,0.0,0.0,0.0,0.0,0.0,0.0,100.0
20171207144203,0.2,0.0,0.0,0.0,0.0,0.0,0.0,99.8
20171207144233,1.6,0.0,0.0,0.0,0.4,0.0,0.0,97.9
20171207144303,1.0,0.0,0.0,0.0,0.1,0.0,0.0,98.9
20171207144333,0.5,0.0,0.0,0.0,0.0,0.0,0.0,99.5
20171207144403,0.8,0.0,0.0,0.0,0.0,0.0,0.0,99.2
20171207144433,2.7,0.0,0.0,0.0,0.6,0.0,0.0,96.6
20171207144503,0.9,0.0,0.0,0.0,0.0,0.0,0.0,99.1
20171207144533,1.4,0.0,0.0,0.0,0.2,0.0,0.0,98.4
20171207144603,2.7,0.0,0.0,0.0,0.2,0.0,0.0,97.1
20171207144633,5.6,0.0,0.0,0.0,3.7,0.0,0.0,90.5
20171207144703,32.0,0.1,0.0,0.0,3.2,0.0,0.0,64.6
20171207144733,50.9,0.0,0.0,0.0,1.9,0.0,0.0,47.1
20171207144803,8.3,0.0,0.0,0.0,2.8,0.0,0.0,88.9
20171207144833,54.1,0.1,0.1,0.0,0.8,0.1,0.0,44.9
20171207144903,97.8,0.0,0.0,0.0,0.1,0.2,0.0,1.9
20171207144933,99.8,0.0,0.0,0.0,0.1,0.0,0.0,0.1
20171207145003,99.7,0.0,0.0,0.0,0.1,0.0,0.0,0.1
20171207145033,99.9,0.0,0.0,0.0,0.0,0.0,0.0,0.0
20171207145103,100.0,0.0,0.0,0.0,0.0,0.0,0.0,0.0
20171207145133,100.0,0.0,0.0,0.0,0.0,0.0,0.0,0.0
20171207145203,100.0,0.0,0.0,0.0,0.0,0.0,0.0,0.0
20171207145233,100.0,0.0,0.0,0.0,0.0,0.0,0.0,0.0
20171207145303,99.9,0.0,0.0,0.0,0.0,0.0,0.0,0.0
20171207145333,100.0,0.0,0.0,0.0,0.0,0.0,0.0,0.0
20171207145403,100.0,0.0,0.0,0.0,0.0,0.0,0.0,0.0
20171207145433,100.0,0.0,0.0,0.0,0.0,0.0,0.0,0.0
20171207145503,100.0,0.0,0.0,0.0,0.0,0.0,0.0,0.0
20171207145533,100.0,0.0,0.0,0.0,0.0,0.0,0.0,0.0
20171207145604,100.0,0.0,0.0,0.0,0.0,0.0,0.0,0.0
20171207145634,100.0,0.0,0.0,0.0,0.0,0.0,0.0,0.0
20171207145704,100.0,0.0,0.0,0.0,0.0,0.0,0.0,0.0
20171207145734,100.0,0.0,0.0,0.0,0.0,0.0,0.0,0.0
20171207145804,100.0,0.0,0.0,0.0,0.0,0.0,0.0,0.0
20171207145834,98.7,0.0,0.1,0.2,0.0,0.9,0.0,0.0
20171207145904,67.8,0.0,0.6,0.2,0.0,30.7,0.5,0.1
20171207145934,93.0,0.1,2.4,0.1,0.0,4.1,0.1,0.1
20171207150004,93.5,0.2,2.8,0.5,0.1,0.9,1.9,0.0
20171207150034,96.6,0.1,2.4,0.3,0.2,0.2,0.1,0.0
20171207150104,100.0,0.0,0.0,0.0,0.0,0.0,0.0,0.0
20171207150134,100.0,0.0,0.0,0.0,0.0,0.0,0.0,0.0
20171207150204,100.0,0.0,0.0,0.0,0.0,0.0,0.0,0.0
20171207150234,100.0,0.0,0.0,0.0,0.0,0.0,0.0,0.0
20171207150304,100.0,0.0,0.0,0.0,0.0,0.0,0.0,0.0
20171207150334,100.0,0.0,0.0,0.0,0.0,0.0,0.0,0.0
20171207150404,100.0,0.0,0.0,0.0,0.0,0.0,0.0,0.0
20171207150434,100.0,0.0,0.0,0.0,0.0,0.0,0.0,0.0
20171207150504,100.0,0.0,0.0,0.0,0.0,0.0,0.0,0.0
20171207150534,100.0,0.0,0.0,0.0,0.0,0.0,0.0,0.0
20171207150604,100.0,0.0,0.0,0.0,0.0,0.0,0.0,0.0
20171207150634,99.9,0.0,0.0,0.0,0.0,0.0,0.0,0.0
20171207150704,85.5,0.2,0.1,0.2,0.1,2.4,11.5,0.0
20171207150734,65.6,0.1,0.4,0.7,0.0,7.6,25.5,0.1
20171207150804,95.6,0.1,0.0,1.0,0.0,1.0,2.1,0.0
20171207150834,23.9,0.0,1.0,0.5,0.1,7.3,66.6,0.5
20171207150904,6.6,0.0,0.2,0.3,0.1,8.8,82.0,2.1
20171207150934,31.3,0.0,0.3,0.2,0.1,7.5,59.3,1.2
20171207151004,7.5,0.0,0.1,0.3,0.0,5.4,84.1,2.7
20171207151034,0.8,0.0,0.1,0.1,0.0,1.3,97.3,0.4
20171207151104,0.2,0.0,0.0,0.0,0.0,1.7,96.7,1.3
20171207151134,1.3,0.0,0.1,0.0,0.0,6.1,91.6,0.8
20171207151204,1.9,0.0,0.1,0.1,0.0,2.1,95.4,0.4
20171207151234,0.4,0.0,0.1,0.1,0.0,4.6,93.9,0.9
20171207151304,0.8,0.0,0.3,0.1,0.0,1.5,97.0,0.2
20171207151334,3.5,0.0,0.1,0.1,0.0,3.4,91.9,0.9
20171207151404,0.3,0.0,0.0,0.0,0.0,0.7,98.3,0.6
20171207151434,0.1,0.0,0.0,0.1,0.0,0.1,99.5,0.2
20171207151504,1.1,0.0,0.0,0.1,0.0,0.9,97.6,0.3
20171207151534,0.2,0.0,0.0,0.1,0.0,1.1,97.9,0.8
20171207151604,0.3,0.0,0.0,0.8,0.0,2.4,94.5,1.9
20171207151634,0.6,0.0,0.0,0.9,0.1,2.0,89.1,7.3
20171207151704,0.3,0.0,0.0,0.6,0.0,0.3,93.6,5.2
20171207151734,1.9,0.0,0.0,0.0,0.1,24.0,63.5,10.5
20171207151804,0.2,0.0,0.0,0.6,0.0,0.4,96.5,2.3
20171207151834,0.1,0.0,0.0,0.2,0.0,0.1,98.9,0.7
20171207151904,0.0,0.0,0.0,0.0,0.0,0.0,99.7,0.2
20171207151934,0.0,0.0,0.0,0.0,0.0,0.0,99.9,0.1
20171207152004,0.0,0.0,0.0,0.0,0.0,0.0,99.8,0.1
20171207152034,0.0,0.0,0.0,0.0,0.0,0.0,99.9,0.0
20171207152104,0.0,0.0,0.0,0.0,0.0,0.0,99.9,0.1
20171207152134,0.0,0.0,0.0,0.0,0.0,0.0,99.9,0.0
20171207152204,0.0,0.0,0.0,0.0,0.0,0.0,100.0,0.0
20171207152234,0.0,0.0,0.0,0.0,0.0,0.0,99.9,0.0
20171207152304,0.0,0.0,0.0,0.0,0.0,0.0,99.9,0.0
20171207152334,0.2,0.0,0.0,0.1,0.0,0.1,99.5,0.1
20171207152404,0.3,0.0,0.0,0.1,0.0,0.1,99.2,0.3
20171207152434,0.0,0.0,0.0,0.0,0.0,0.0,100.0,0.0
20171207152504,0.0,0.0,0.0,0.0,0.0,0.0,99.9,0.0
20171207152534,0.0,0.0,0.0,0.0,0.0,0.0,100.0,0.0
20171207152604,0.0,0.0,0.0,0.0,0.0,0.0,100.0,0.0
20171207152634,0.0,0.0,0.0,0.0,0.0,0.0,99.9,0.0
20171207152705,0.0,0.0,0.0,0.0,0.0,0.0,99.9,0.0
20171207152735,0.0,0.0,0.0,0.0,0.0,0.0,99.9,0.0
20171207152805,0.0,0.0,0.0,0.0,0.0,0.0,99.7,0.2
20171207152835,0.0,0.0,0.0,0.0,0.0,0.0,99.9,0.1
20171207152905,0.0,0.0,0.0,0.0,0.0,0.0,100.0,0.0
20171207152935,0.0,0.0,0.0,0.0,0.0,0.0,100.0,0.0
20171207153005,0.0,0.0,0.0,0.0,0.0,0.0,100.0,0.0
20171207153035,0.0,0.0,0.0,0.0,0.0,0.0,99.9,0.0
20171207153105,0.0,0.0,0.0,0.0,0.0,0.0,100.0,0.0
20171207153135,0.0,0.0,0.0,0.0,0.0,0.0,100.0,0.0
20171207153205,0.0,0.0,0.0,0.0,0.0,0.0,100.0,0.0
20171207153235,0.0,0.0,0.0,0.0,0.0,0.0,100.0,0.0
20171207153305,0.0,0.0,0.0,0.0,0.0,0.1,99.9,0.0
20171207153335,0.0,0.0,0.0,0.0,0.0,0.0,100.0,0.0
20171207153405,0.0,0.0,0.0,0.0,0.0,0.0,100.0,0.0
20171207153435,0.0,0.0,0.0,0.0,0.0,0.0,100.0,0.0
20171207153505,0.0,0.0,0.0,0.0,0.0,0.0,99.9,0.0
20171207153535,0.0,0.0,0.0,0.0,0.0,0.0,100.0,0.0
20171207153605,0.0,0.0,0.0,0.0,0.0,0.0,100.0,0.0
20171207153635,0.0,0.0,0.0,0.0,0.0,0.0,100.0,0.0
20171207153705,0.0,0.0,0.0,0.0,0.0,0.1,99.9,0.0
20171207153735,0.0,0.0,0.0,0.0,0.0,0.0,100.0,0.0
20171207153805,0.0,0.0,0.0,0.0,0.0,0.4,99.6,0.0
20171207153835,0.0,0.0,0.0,0.0,0.0,0.3,99.7,0.0
20171207153905,0.0,0.0,0.0,0.0,0.0,0.2,99.8,0.0
20171207153935,0.0,0.0,0.0,0.0,0.0,2.1,97.9,0.0
20171207154005,0.0,0.0,0.0,0.0,0.0,0.3,99.7,0.0
20171207154035,0.0,0.0,0.0,0.0,0.0,0.0,100.0,0.0
20171207154105,0.0,0.0,0.0,0.0,0.0,2.1,97.9,0.0
20171207154135,0.0,0.0,0.0,0.0,0.0,0.2,99.7,0.0
20171207154205,0.0,0.0,0.0,0.0,0.0,0.4,99.6,0.0
20171207154235,0.0,0.0,0.0,0.0,0.0,4.4,95.6,0.0
20171207154305,0.0,0.0,0.0,0.0,0.0,0.2,99.8,0.0
20171207154335,0.0,0.0,0.0,0.0,0.0,0.7,99.3,0.0
20171207154405,0.0,0.0,0.0,0.0,0.0,1.5,98.5,0.0
20171207154435,0.0,0.0,0.0,0.0,0.0,0.2,99.8,0.0
20171207154505,0.0,0.0,0.0,0.0,0.0,3.0,97.0,0.0
20171207154535,0.0,0.0,0.0,0.0,0.0,1.8,98.2,0.0
20171207154605,0.0,0.0,0.0,0.0,0.0,2.9,97.0,0.0
20171207154635,0.0,0.0,0.0,0.0,0.0,1.5,98.5,0.0
20171207154705,0.0,0.0,0.0,0.0,0.0,0.1,99.9,0.0
20171207154735,0.0,0.0,0.0,0.0,0.0,3.0,97.0,0.0
20171207154805,0.0,0.0,0.0,0.0,0.0,4.5,95.5,0.0
20171207154835,0.0,0.0,0.0,0.0,0.0,6.4,93.6,0.0
20171207154905,0.0,0.0,0.0,0.0,0.0,12.0,88.0,0.0
20171207154935,0.0,0.0,0.0,0.0,0.0,1.1,98.9,0.0
20171207155005,0.0,0.0,0.0,0.0,0.0,4.1,95.9,0.0
20171207155035,0.0,0.0,0.0,0.0,0.0,7.2,92.8,0.0
20171207155105,0.0,0.0,0.0,0.0,0.0,5.5,94.5,0.0
20171207155135,0.0,0.0,0.0,0.0,0.0,1.4,98.6,0.0
20171207155205,0.0,0.0,0.0,0.0,0.0,86.7,13.3,0.0
20171207155235,0.0,0.0,0.0,0.0,0.0,66.2,33.7,0.0
20171207155305,0.0,0.0,0.0,0.0,0.0,28.3,71.6,0.0
20171207155335,0.0,0.0,0.0,0.0,0.0,35.4,64.5,0.0
20171207155405,0.2,0.0,0.0,0.0,0.0,63.7,36.0,0.0
20171207155435,0.0,0.0,0.0,0.0,0.0,31.2,68.8,0.0
20171207155505,0.0,0.0,0.0,0.0,0.0,64.9,35.1,0.0
20171207155535,0.1,0.0,0.1,0.0,0.0,60.0,39.8,0.0
20171207155605,0.0,0.0,0.0,0.0,0.0,31.3,68.7,0.0
20171207155635,0.2,0.0,0.2,0.0,0.0,69.9,29.7,0.0
20171207155705,0.1,0.0,0.2,0.0,0.0,83.1,16.6,0.0
20171207155736,0.2,0.0,0.1,0.0,0.0,58.8,40.8,0.0
20171207155806,0.1,0.0,0.1,0.0,0.0,85.1,14.7,0.0
20171207155836,0.0,0.0,0.0,0.0,0.0,80.5,19.5,0.0
20171207155906,0.0,0.0,1.5,0.0,0.0,76.0,22.4,0.1
20171207155936,0.0,0.0,0.1,0.0,0.0,95.1,4.8,0.0
20171207160006,0.0,0.0,0.0,0.0,0.0,65.9,34.0,0.0
20171207160036,0.0,0.0,0.0,0.0,0.0,34.9,65.0,0.0
20171207160106,0.1,0.0,0.0,0.0,0.0,73.3,26.5,0.0
20171207160136,0.1,0.0,0.1,0.0,0.0,80.9,18.9,0.0
20171207160206,0.0,0.0,0.0,0.0,0.0,85.3,14.7,0.0
20171207160236,0.0,0.0,0.0,0.0,0.0,6.0,94.0,0.0
20171207160306,0.0,0.0,0.0,0.0,0.0,24.0,76.0,0.0
20171207160336,0.0,0.0,0.0,0.0,0.0,4.3,95.7,0.0
20171207160406,0.3,0.0,0.0,0.0,0.0,2.0,97.7,0.0
20171207160436,0.2,0.0,0.0,0.0,0.0,11.8,88.0,0.0
20171207160506,0.0,0.0,0.0,0.0,0.0,79.5,20.4,0.0
20171207160536,0.3,0.0,0.1,0.0,0.0,21.3,78.2,0.1
20171207160606,0.0,0.0,0.0,0.0,0.0,11.5,88.4,0.1
20171207160636,0.1,0.0,0.0,0.0,0.0,6.8,93.1,0.1
20171207160706,0.0,0.0,0.0,0.0,0.0,4.2,95.7,0.0
20171207160736,0.0,0.0,0.0,0.0,0.0,2.5,97.5,0.0
20171207160806,0.0,0.0,0.0,0.0,0.0,7.5,92.5,0.0
20171207160836,0.0,0.0,0.0,0.0,0.0,3.2,96.8,0.0
20171207160906,0.0,0.0,0.0,0.0,0.0,1.8,98.2,0.0
20171207160936,0.1,0.0,0.1,0.0,0.0,49.1,50.7,0.1
20171207161006,6.4,0.0,0.1,0.0,0.0,20.0,73.5,0.1
20171207161036,5.5,0.0,0.4,0.0,0.0,51.4,42.6,0.1
20171207161106,1.4,0.0,0.7,0.0,0.0,75.2,22.6,0.1
20171207161136,3.6,0.0,0.8,0.0,0.0,64.7,30.9,0.1
20171207161206,5.3,0.0,1.3,0.0,0.0,65.4,27.9,0.1
20171207161236,0.3,0.0,0.1,0.0,0.0,93.4,6.2,0.0
20171207161306,0.2,0.0,0.3,0.0,0.0,94.1,5.5,0.0
20171207161336,0.1,0.0,0.2,0.0,0.0,90.9,8.7,0.0
20171207161406,0.2,0.0,0.3,0.0,0.0,98.8,0.8,0.0
20171207161436,1.4,0.0,14.5,0.0,0.0,74.0,10.0,0.0
20171207161506,0.2,0.0,13.0,0.0,0.0,60.4,26.3,0.1
20171207161536,0.5,0.0,3.8,0.0,0.0,35.6,60.1,0.1
20171207161606,0.2,0.0,2.0,0.0,0.0,94.7,3.0,0.0
20171207161636,2.5,0.0,0.7,0.0,0.0,94.5,2.4,0.0
20171207161706,0.5,0.0,0.7,0.0,0.0,91.7,7.0,0.0
20171207161736,2.1,0.0,5.4,0.0,0.0,86.6,5.8,0.0
20171207161806,0.1,0.0,0.7,0.0,0.0,75.5,23.7,0.0
20171207161836,0.0,0.0,0.3,0.0,0.0,79.5,20.1,0.0
20171207161906,0.0,0.0,0.8,0.0,0.0,42.1,57.0,0.0
20171207161936,0.1,0.0,0.2,0.0,0.0,51.9,47.8,0.0
20171207162006,0.1,0.0,0.3,0.0,0.0,74.8,24.8,0.0
20171207162036,0.1,0.0,0.7,0.0,0.0,71.5,27.5,0.1
20171207162106,0.5,0.0,0.2,0.0,0.0,81.6,17.6,0.0
20171207162136,0.7,0.0,0.2,0.0,0.0,67.1,31.9,0.0
20171207162206,0.5,0.0,0.7,0.0,0.0,78.0,20.7,0.0
20171207162236,2.7,0.0,1.9,0.0,0.0,88.5,6.8,0.0
20171207162306,0.5,0.0,0.8,0.0,0.0,67.0,31.7,0.1
20171207162336,0.6,0.0,4.9,0.0,0.0,42.0,52.3,0.2
20171207162406,0.2,0.0,0.9,0.0,0.0,65.1,33.6,0.2
20171207162436,0.1,0.0,0.1,0.0,0.0,86.4,13.3,0.2
20171207162506,0.7,0.0,0.3,0.0,0.0,74.1,24.6,0.2
20171207162536,0.5,0.0,0.2,0.0,0.0,46.8,52.3,0.1
20171207162606,4.8,0.0,0.9,0.0,0.0,67.3,26.8,0.2
20171207162636,0.3,0.0,0.3,0.0,0.0,43.6,55.6,0.2
20171207162706,0.5,0.0,0.2,0.0,0.0,77.0,22.1,0.1
20171207162736,0.2,0.0,0.2,0.0,0.0,10.4,88.9,0.3
20171207162806,0.0,0.0,0.0,0.0,0.0,3.6,96.3,0.1
20171207162836,0.0,0.0,0.0,0.0,0.0,10.4,89.4,0.1
20171207162906,0.3,0.0,1.9,0.0,0.0,32.5,65.0,0.2
20171207162936,0.1,0.0,0.9,0.0,0.0,21.8,76.7,0.5
20171207163006,0.0,0.0,0.0,0.0,0.0,12.9,87.0,0.0
20171207163036,0.0,0.0,0.0,0.0,0.0,4.7,95.2,0.1
20171207163106,0.1,0.0,0.0,0.0,0.0,28.3,71.6,0.0
20171207163137,0.1,0.0,0.2,0.0,0.0,25.9,73.8,0.1
20171207163207,0.0,0.0,0.0,0.0,0.0,9.7,90.2,0.1
20171207163237,0.0,0.0,0.0,0.0,0.0,2.1,97.9,0.0
20171207163307,0.0,0.0,0.0,0.0,0.0,5.1,94.9,0.0
20171207163337,0.0,0.0,0.0,0.0,0.0,41.7,58.1,0.1
20171207163407,0.0,0.0,0.0,0.0,0.0,11.3,88.4,0.2
20171207163437,0.0,0.0,0.0,0.0,0.0,3.6,96.3,0.0
20171207163507,0.0,0.0,0.0,0.0,0.0,4.3,95.7,0.0
20171207163537,0.0,0.0,0.0,0.0,0.0,1.0,99.0,0.0
20171207163607,0.0,0.0,0.0,0.0,0.0,1.6,98.4,0.0
20171207163637,0.0,0.0,0.0,0.0,0.0,2.2,97.8,0.0
20171207163707,0.0,0.0,0.0,0.0,0.0,8.6,91.3,0.1
20171207163737,0.0,0.0,0.0,0.0,0.0,0.3,99.7,0.0
20171207163807,0.0,0.0,0.0,0.0,0.0,0.3,99.7,0.0
20171207163837,0.0,0.0,0.0,0.0,0.0,0.2,99.7,0.0
20171207163907,0.0,0.0,0.0,0.0,0.0,0.4,99.6,0.0
20171207163937,0.0,0.0,0.0,0.0,0.0,1.8,98.2,0.0
20171207164007,0.0,0.0,0.0,0.0,0.0,1.8,98.2,0.0
20171207164037,0.0,0.0,0.0,0.0,0.0,2.4,97.6,0.0
20171207164107,0.0,0.0,0.0,0.0,0.0,5.4,94.6,0.0
20171207164137,0.0,0.0,0.0,0.0,0.0,7.5,92.5,0.0
20171207164207,0.0,0.0,0.0,0.0,0.0,0.9,99.1,0.0
20171207164237,0.0,0.0,0.0,0.0,0.0,1.0,99.0,0.0
20171207164307,0.0,0.0,0.0,0.0,0.0,0.9,99.0,0.0
20171207164337,0.0,0.0,0.0,0.0,0.0,15.4,84.5,0.1
20171207164407,0.0,0.0,0.0,0.0,0.0,1.6,98.4,0.0
20171207164437,0.0,0.0,0.0,0.0,0.0,6.9,93.1,0.0
20171207164507,0.0,0.0,0.0,0.0,0.0,12.0,88.0,0.1
20171207164537,0.0,0.0,0.0,0.0,0.0,3.6,96.3,0.1
20171207164607,0.0,0.0,0.0,0.0,0.0,0.2,99.7,0.0
20171207164637,0.0,0.0,0.0,0.0,0.0,0.0,100.0,0.0
20171207164707,0.0,0.0,0.0,0.0,0.0,0.0,100.0,0.0
20171207164737,0.0,0.0,0.0,0.0,0.0,0.0,99.9,0.0
20171207164807,0.0,0.0,0.0,0.0,0.0,0.2,99.8,0.0
20171207164837,0.0,0.0,0.0,0.0,0.0,0.1,99.9,0.0
20171207164907,0.0,0.0,0.0,0.0,0.0,0.0,100.0,0.0
20171207164937,0.0,0.0,0.0,0.0,0.0,0.1,99.9,0.0
20171207165007,0.0,0.0,0.0,0.0,0.0,0.1,99.9,0.0
20171207165037,0.0,0.0,0.0,0.0,0.0,0.1,99.9,0.0
20171207165107,0.0,0.0,0.0,0.0,0.0,0.6,99.4,0.0
20171207165137,0.0,0.0,0.0,0.0,0.0,0.2,99.8,0.0
20171207165207,0.0,0.0,0.0,0.0,0.0,0.4,99.6,0.1
20171207165237,0.0,0.0,0.0,0.0,0.0,0.4,99.6,0.0
20171207165307,0.0,0.0,0.0,0.0,0.0,1.2,98.8,0.0
20171207165337,0.0,0.0,0.0,0.0,0.0,1.0,98.9,0.1
20171207165407,0.0,0.0,0.0,0.0,0.0,0.7,99.3,0.0
20171207165437,0.0,0.0,0.0,0.0,0.0,6.5,93.4,0.0
20171207165507,0.0,0.0,0.0,0.0,0.0,0.2,99.8,0.0
20171207165537,0.0,0.0,0.0,0.0,0.0,1.1,98.7,0.2
20171207165607,0.0,0.0,0.0,0.0,0.0,0.6,99.4,0.0
20171207165637,0.0,0.0,0.0,0.0,0.0,0.3,99.7,0.0
20171207165707,0.0,0.0,0.0,0.0,0.0,0.3,99.6,0.0
20171207165737,0.0,0.0,0.0,0.0,0.0,0.2,99.8,0.0
20171207165807,0.0,0.0,0.0,0.0,0.0,0.1,99.8,0.0
20171207165837,0.0,0.0,0.0,0.0,0.0,0.1,99.9,0.0
20171207165907,0.0,0.0,0.0,0.0,0.0,0.0,100.0,0.0
20171207165937,0.0,0.0,0.0,0.0,0.0,0.2,99.8,0.0
20171207170007,0.0,0.0,0.0,0.0,0.0,0.0,100.0,0.0
20171207170037,0.0,0.0,0.0,0.0,0.0,0.0,100.0,0.0
20171207170107,0.0,0.0,0.0,0.0,0.0,0.0,100.0,0.0
20171207170137,0.0,0.0,0.0,0.0,0.0,0.1,99.9,0.0
20171207170207,0.0,0.0,0.0,0.0,0.0,0.0,100.0,0.0
20171207170237,0.0,0.0,0.0,0.0,0.0,0.0,100.0,0.0
20171207170307,0.0,0.0,0.0,0.0,0.0,0.0,100.0,0.0
20171207170337,0.0,0.0,0.0,0.0,0.0,0.0,100.0,0.0
20171207170407,0.0,0.0,0.0,0.0,0.0,0.0,100.0,0.0
20171207170437,0.0,0.0,0.0,0.0,0.0,0.0,100.0,0.0
20171207170507,0.0,0.0,0.0,0.0,0.0,0.0,100.0,0.0
20171207170537,0.0,0.0,0.0,0.0,0.0,0.0,100.0,0.0
20171207170608,0.0,0.0,0.0,0.0,0.0,0.0,100.0,0.0
20171207170638,0.0,0.0,0.0,0.0,0.0,0.0,100.0,0.0
20171207170708,0.0,0.0,0.0,0.0,0.0,0.0,100.0,0.0
20171207170738,0.0,0.0,0.0,0.0,0.0,0.0,100.0,0.0
20171207170808,0.0,0.0,0.0,0.0,0.0,0.0,100.0,0.0
20171207170838,0.0,0.0,0.0,0.0,0.0,0.0,100.0,0.0
20171207170908,0.0,0.0,0.0,0.0,0.0,0.0,100.0,0.0
20171207170938,0.0,0.0,0.0,0.0,0.0,0.0,100.0,0.0
20171207171008,0.0,0.0,0.0,0.0,0.0,0.0,100.0,0.0
20171207171038,0.0,0.0,0.0,0.0,0.0,0.0,100.0,0.0
20171207171108,0.0,0.0,0.0,0.0,0.0,0.0,100.0,0.0
20171207171138,0.0,0.0,0.0,0.0,0.0,0.0,100.0,0.0
20171207171208,0.0,0.0,0.0,0.0,0.0,0.0,100.0,0.0
20171207171238,0.0,0.0,0.0,0.0,0.0,0.0,100.0,0.0
20171207171308,0.0,0.0,0.0,0.0,0.0,0.0,100.0,0.0
20171207171338,0.0,0.0,0.0,0.0,0.0,0.0,100.0,0.0
20171207171408,0.0,0.0,0.0,0.0,0.0,0.0,100.0,0.0
20171207171438,0.0,0.0,0.0,0.0,0.0,0.0,100.0,0.0
20171207171508,0.0,0.0,0.0,0.0,0.0,0.0,100.0,0.0
20171207171538,0.0,0.0,0.0,0.0,0.0,0.0,100.0,0.0
20171207171608,0.0,0.0,0.0,0.0,0.0,0.0,100.0,0.0
20171207171638,0.0,0.0,0.0,0.0,0.0,0.0,100.0,0.0
20171207171708,0.0,0.0,0.0,0.0,0.0,0.0,100.0,0.0
20171207171738,0.0,0.0,0.0,0.0,0.0,0.0,100.0,0.0
20171207171808,0.0,0.0,0.0,0.0,0.0,0.0,100.0,0.0
20171207171838,0.0,0.0,0.0,0.0,0.0,0.0,100.0,0.0
20171207171908,0.0,0.0,0.0,0.0,0.0,0.0,100.0,0.0
20171207171938,0.0,0.0,0.0,0.0,0.0,0.0,99.9,0.0
20171207172008,0.0,0.0,0.0,0.0,0.0,0.0,100.0,0.0
20171207172038,0.0,0.0,0.0,0.0,0.0,0.0,100.0,0.0
20171207172108,0.0,0.0,0.0,0.0,0.0,0.0,100.0,0.0
20171207172138,0.0,0.0,0.0,0.0,0.0,0.0,100.0,0.0
20171207172208,0.0,0.0,0.0,0.0,0.0,0.0,100.0,0.0
20171207172238,0.0,0.0,0.0,0.0,0.0,0.0,100.0,0.0
20171207172308,0.0,0.0,0.0,0.0,0.0,0.0,100.0,0.0
20171207172338,0.0,0.0,0.0,0.0,0.0,0.0,100.0,0.0
20171207172408,0.0,0.0,0.0,0.0,0.0,0.0,100.0,0.0
20171207172438,0.0,0.0,0.0,0.0,0.0,0.0,100.0,0.0
20171207172508,0.0,0.0,0.0,0.0,0.0,0.0,100.0,0.0
20171207172538,0.0,0.0,0.0,0.0,0.0,0.0,100.0,0.0
20171207172608,0.0,0.0,0.0,0.0,0.0,0.0,100.0,0.0
20171207172638,0.0,0.0,0.0,0.0,0.0,0.0,100.0,0.0
20171207172708,0.0,0.0,0.0,0.0,0.0,0.0,100.0,0.0
20171207172738,0.0,0.0,0.0,0.0,0.0,0.0,100.0,0.0
20171207172808,0.0,0.0,0.0,0.0,0.0,0.0,100.0,0.0
20171207172838,0.0,0.0,0.0,0.0,0.0,0.0,100.0,0.0
20171207172908,0.0,0.0,0.0,0.0,0.0,0.0,100.0,0.0
20171207172938,0.0,0.0,0.0,0.0,0.0,0.0,100.0,0.0
20171207173008,0.0,0.0,0.0,0.0,0.0,0.0,100.0,0.0
20171207173038,0.0,0.0,0.0,0.0,0.0,0.0,100.0,0.0
20171207173108,0.0,0.0,0.0,0.0,0.0,0.0,100.0,0.0
20171207173138,0.0,0.0,0.0,0.0,0.0,0.0,100.0,0.0
20171207173208,0.0,0.0,0.0,0.0,0.0,0.0,100.0,0.0
20171207173238,0.0,0.0,0.0,0.0,0.0,0.0,100.0,0.0
20171207173309,0.0,0.0,0.0,0.0,0.0,0.0,100.0,0.0
20171207173339,0.0,0.0,0.0,0.0,0.0,0.0,100.0,0.0
20171207173409,0.0,0.0,0.0,0.0,0.0,0.0,100.0,0.0
20171207173439,0.0,0.0,0.0,0.0,0.0,0.0,100.0,0.0
20171207173509,0.0,0.0,0.0,0.0,0.0,0.0,100.0,0.0
20171207173539,0.0,0.0,0.0,0.0,0.0,0.0,100.0,0.0
20171207173609,0.0,0.0,0.0,0.0,0.0,0.0,100.0,0.0
20171207173639,0.0,0.0,0.0,0.0,0.0,0.0,100.0,0.0
20171207173709,0.0,0.0,0.0,0.0,0.0,0.0,100.0,0.0
20171207173739,0.0,0.0,0.0,0.0,0.0,0.0,100.0,0.0
20171207173809,0.0,0.0,0.0,0.0,0.0,0.0,100.0,0.0
20171207173839,0.0,0.0,0.0,0.0,0.0,0.0,100.0,0.0
20171207173909,0.0,0.0,0.0,0.0,0.0,0.0,100.0,0.0
20171207173939,0.0,0.0,0.0,0.0,0.0,0.0,100.0,0.0
20171207174009,0.0,0.0,0.0,0.0,0.0,0.0,100.0,0.0
20171207174039,0.0,0.0,0.0,0.0,0.0,0.0,100.0,0.0
20171207174109,0.0,0.0,0.0,0.0,0.0,0.0,100.0,0.0
20171207174139,0.0,0.0,0.0,0.0,0.0,0.0,100.0,0.0
20171207174209,0.0,0.0,0.0,0.0,0.0,0.0,100.0,0.0
20171207174239,0.0,0.0,0.0,0.0,0.0,0.0,100.0,0.0
20171207174309,0.0,0.0,0.0,0.0,0.0,0.0,100.0,0.0
20171207174339,0.0,0.0,0.0,0.0,0.0,0.0,100.0,0.0
20171207174409,0.0,0.0,0.0,0.0,0.0,0.0,100.0,0.0
20171207174439,0.0,0.0,0.0,0.0,0.0,0.0,100.0,0.0
20171207174509,0.0,0.0,0.0,0.0,0.0,0.0,100.0,0.0
20171207174539,0.0,0.0,0.0,0.0,0.0,0.0,100.0,0.0
20171207174609,0.0,0.0,0.0,0.0,0.0,0.0,100.0,0.0
20171207174639,0.0,0.0,0.0,0.0,0.0,0.0,100.0,0.0
20171207174709,0.0,0.0,0.0,0.0,0.0,0.0,100.0,0.0
20171207174739,0.0,0.0,0.0,0.0,0.0,0.0,100.0,0.0
20171207174809,0.0,0.0,0.0,0.0,0.0,0.0,100.0,0.0
20171207174839,0.0,0.0,0.0,0.0,0.0,0.0,100.0,0.0
20171207174909,0.0,0.0,0.0,0.0,0.0,0.0,100.0,0.0
20171207174939,0.0,0.0,0.0,0.0,0.0,0.0,100.0,0.0
20171207175009,0.0,0.0,0.0,0.0,0.0,0.0,99.9,0.0
20171207175039,0.0,0.0,0.0,0.0,0.0,0.0,100.0,0.0
20171207175109,0.0,0.0,0.0,0.0,0.0,0.0,100.0,0.0
20171207175139,0.0,0.0,0.0,0.0,0.0,0.0,100.0,0.0
20171207175209,0.0,0.0,0.0,0.0,0.0,0.0,100.0,0.0
20171207175239,0.0,0.0,0.0,0.0,0.0,0.0,100.0,0.0
20171207175309,0.0,0.0,0.0,0.0,0.0,0.0,100.0,0.0
20171207175339,0.0,0.0,0.0,0.0,0.0,0.0,100.0,0.0
20171207175409,0.0,0.0,0.0,0.0,0.0,0.0,100.0,0.0
20171207175439,0.0,0.0,0.0,0.0,0.0,0.0,100.0,0.0
20171207175509,0.0,0.0,0.0,0.0,0.0,0.0,100.0,0.0
20171207175539,0.0,0.0,0.0,0.0,0.0,0.0,100.0,0.0
20171207175609,0.0,0.0,0.0,0.0,0.0,0.0,100.0,0.0
20171207175639,0.0,0.0,0.0,0.0,0.0,0.0,100.0,0.0
20171207175709,0.0,0.0,0.0,0.0,0.0,0.0,100.0,0.0
20171207175739,0.0,0.0,0.0,0.0,0.0,0.0,100.0,0.0
20171207175809,0.0,0.0,0.0,0.0,0.0,0.0,100.0,0.0
20171207175839,0.0,0.0,0.0,0.0,0.0,0.0,100.0,0.0
20171207175909,0.0,0.0,0.0,0.0,0.0,0.0,100.0,0.0
20171207175939,0.0,0.0,0.0,0.0,0.0,0.0,100.0,0.0
20171207180009,0.0,0.0,0.0,0.0,0.0,0.0,100.0,0.0
20171207180039,0.0,0.0,0.0,0.0,0.0,0.0,100.0,0.0
20171207180109,0.0,0.0,0.0,0.0,0.0,0.0,100.0,0.0
20171207180139,0.0,0.0,0.0,0.0,0.0,0.0,100.0,0.0
20171207180209,0.0,0.0,0.0,0.0,0.0,0.0,100.0,0.0
20171207180239,0.0,0.0,0.0,0.0,0.0,0.0,100.0,0.0
20171207180309,0.0,0.0,0.0,0.0,0.0,0.0,100.0,0.0
20171207180339,0.0,0.0,0.0,0.0,0.0,0.0,100.0,0.0
20171207180409,0.0,0.0,0.0,0.0,0.0,0.0,100.0,0.0
20171207180439,0.0,0.0,0.0,0.0,0.0,0.0,100.0,0.0
20171207180509,0.0,0.0,0.0,0.0,0.0,0.0,100.0,0.0
20171207180539,0.0,0.0,0.0,0.0,0.0,0.0,100.0,0.0
20171207180609,0.0,0.0,0.0,0.0,0.0,0.0,100.0,0.0
20171207180639,0.0,0.0,0.0,0.0,0.0,0.0,100.0,0.0
20171207180709,0.0,0.0,0.0,0.0,0.0,0.0,100.0,0.0
20171207180740,0.0,0.0,0.0,0.0,0.0,0.0,100.0,0.0
20171207180810,0.0,0.0,0.0,0.1,0.0,0.0,99.9,0.0
20171207180840,0.0,0.0,0.0,0.1,0.0,0.0,99.8,0.0
20171207180910,0.0,0.0,0.0,0.2,0.0,0.0,99.7,0.1
20171207180940,0.0,0.0,0.0,0.0,0.0,0.0,99.9,0.0
20171207181010,0.0,0.0,0.0,0.0,0.0,0.0,100.0,0.0
20171207181040,0.0,0.0,0.0,0.0,0.0,0.0,100.0,0.0
20171207181110,0.0,0.0,0.0,0.0,0.0,0.0,100.0,0.0
20171207181140,0.0,0.0,0.0,0.0,0.0,0.0,100.0,0.0
20171207181210,0.0,0.0,0.0,0.0,0.0,0.0,100.0,0.0
20171207181240,0.0,0.0,0.0,0.0,0.0,0.0,100.0,0.0
20171207181310,0.0,0.0,0.0,0.0,0.0,0.0,99.7,0.3
20171207181340,0.0,0.0,0.0,0.0,0.0,0.0,100.0,0.0
20171207181410,0.0,0.0,0.0,0.0,0.0,0.0,99.9,0.1
20171207181440,0.0,0.0,0.0,0.0,0.0,0.0,99.4,0.5
20171207181510,0.0,0.0,0.0,0.1,0.0,0.0,98.2,1.7
20171207181540,0.0,0.0,0.0,0.0,0.0,0.0,99.2,0.8
20171207181610,0.0,0.0,0.0,0.0,0.0,0.0,99.6,0.4
20171207181640,0.0,0.0,0.0,0.0,0.0,0.0,99.8,0.2
20171207181710,0.0,0.0,0.0,0.0,0.0,0.0,99.8,0.2
20171207181740,0.0,0.0,0.0,0.0,0.0,0.0,99.8,0.1
20171207181810,0.0,0.0,0.0,0.0,0.0,0.0,99.9,0.0
20171207181840,0.0,0.0,0.0,0.0,0.0,0.0,99.9,0.0
20171207181910,0.0,0.0,0.0,0.0,0.0,0.0,99.8,0.1
20171207181940,0.0,0.0,0.0,0.0,0.0,0.0,100.0,0.0
20171207182010,0.0,0.0,0.0,0.0,0.0,0.0,99.8,0.2
20171207182040,0.0,0.0,0.0,0.0,0.0,0.0,99.9,0.0
20171207182110,0.0,0.0,0.0,0.0,0.0,0.0,99.8,0.2
20171207182140,0.0,0.0,0.0,0.0,0.0,0.0,99.9,0.1
20171207182210,0.0,0.0,0.0,0.0,0.0,0.0,100.0,0.0
20171207182240,0.0,0.0,0.0,0.0,0.0,0.0,99.6,0.3
20171207182310,0.0,0.0,0.0,0.0,0.0,0.0,99.6,0.3
20171207182340,0.0,0.0,0.0,0.0,0.0,0.0,99.8,0.2
20171207182410,0.0,0.0,0.0,0.0,0.0,0.0,99.9,0.1
20171207182440,0.0,0.0,0.0,0.0,0.0,0.0,100.0,0.0
20171207182510,0.0,0.0,0.0,0.1,0.0,0.0,99.4,0.5
20171207182540,0.0,0.0,0.0,0.1,0.0,0.0,99.6,0.3
20171207182610,0.0,0.0,0.0,0.1,0.0,0.0,99.8,0.1
20171207182640,0.0,0.0,0.0,0.1,0.0,0.0,99.7,0.2
20171207182710,0.0,0.0,0.0,0.2,0.0,0.0,98.9,0.9
20171207182740,0.0,0.0,0.0,0.2,0.0,0.0,99.6,0.2
20171207182810,0.0,0.0,0.0,0.1,0.0,0.0,99.8,0.1
20171207182840,0.0,0.0,0.0,0.0,0.0,0.0,99.9,0.0
20171207182910,0.0,0.0,0.0,0.0,0.0,0.0,99.9,0.1
20171207182940,0.0,0.0,0.0,0.0,0.0,0.0,99.9,0.1
20171207183010,0.0,0.0,0.0,0.0,0.0,0.0,99.8,0.2
20171207183040,0.0,0.0,0.0,0.0,0.0,0.0,99.7,0.2
20171207183110,0.0,0.0,0.0,0.1,0.0,0.0,99.0,0.9
20171207183140,0.0,0.0,0.0,0.0,0.0,0.0,99.5,0.5
20171207183210,0.0,0.0,0.0,0.0,0.0,0.0,99.5,0.4
20171207183240,0.0,0.0,0.0,0.1,0.0,0.0,99.5,0.4
20171207183310,0.0,0.0,0.0,0.1,0.0,0.0,99.6,0.3
20171207183340,0.0,0.0,0.0,0.1,0.0,0.0,99.6,0.3
20171207183410,0.0,0.0,0.0,0.1,0.0,0.0,99.6,0.3
20171207183440,0.0,0.0,0.0,0.2,0.0,0.0,99.5,0.3
20171207183510,0.0,0.0,0.0,0.1,0.0,0.0,99.5,0.3
20171207183540,0.0,0.0,0.0,0.1,0.0,0.0,99.6,0.3
20171207183610,0.0,0.0,0.0,0.3,0.0,0.0,98.7,1.0
20171207183640,0.0,0.0,0.0,0.2,0.0,0.0,99.4,0.4
20171207183710,0.0,0.0,0.0,0.3,0.0,0.0,99.6,0.1
20171207183740,0.0,0.0,0.0,0.1,0.0,0.0,99.8,0.1
20171207183810,0.0,0.0,0.0,0.5,0.0,0.0,99.0,0.4
20171207183840,0.0,0.0,0.0,1.1,0.0,0.0,97.6,1.2
20171207183910,0.0,0.0,0.0,0.4,0.0,0.0,99.1,0.5
20171207183940,0.0,0.0,0.0,0.2,0.0,0.0,99.6,0.2
20171207184010,0.0,0.0,0.0,0.1,0.0,0.0,99.7,0.2
20171207184040,0.0,0.0,0.0,0.1,0.0,0.0,99.6,0.2
20171207184110,0.0,0.0,0.0,0.2,0.0,0.0,99.5,0.3
20171207184141,0.0,0.0,0.0,0.2,0.0,0.0,99.6,0.3
20171207184211,0.0,0.0,0.0,0.5,0.0,0.0,98.7,0.8
20171207184241,0.0,0.0,0.0,0.1,0.0,0.0,99.6,0.3
20171207184311,0.0,0.0,0.0,0.6,0.0,0.0,97.2,2.2
20171207184341,0.0,0.0,0.0,0.4,0.0,0.0,98.8,0.8
20171207184411,0.0,0.0,0.0,0.9,0.0,0.0,97.1,2.0
20171207184441,0.0,0.0,0.0,0.6,0.0,0.0,98.7,0.7
20171207184511,0.0,0.0,0.0,0.2,0.0,0.0,98.4,1.3
20171207184541,0.0,0.0,0.0,0.3,0.0,0.0,99.0,0.7
20171207184611,0.0,0.0,0.0,0.1,0.0,0.0,99.3,0.5
20171207184641,0.0,0.0,0.0,0.3,0.0,0.0,99.0,0.7
20171207184711,0.0,0.0,0.0,0.3,0.0,0.0,99.4,0.3
20171207184741,0.0,0.0,0.0,0.2,0.0,0.0,99.4,0.4
20171207184811,0.0,0.0,0.0,0.1,0.0,0.0,99.7,0.2
20171207184841,0.0,0.0,0.0,0.2,0.0,0.0,99.5,0.3
20171207184911,0.0,0.0,0.0,0.2,0.0,0.0,99.6,0.2
20171207184941,0.0,0.0,0.0,0.2,0.0,0.0,99.1,0.7
20171207185011,0.0,0.0,0.0,0.3,0.0,0.0,98.7,1.0
20171207185041,0.0,0.0,0.0,0.2,0.0,0.0,98.9,0.9
20171207185111,0.0,0.0,0.0,0.2,0.0,0.0,99.1,0.7
20171207185141,0.0,0.0,0.0,0.3,0.0,0.0,98.9,0.7
20171207185211,0.0,0.0,0.0,0.4,0.0,0.0,96.1,3.5
20171207185241,0.0,0.0,0.0,0.8,0.0,0.0,98.6,0.5
20171207185311,0.0,0.0,0.0,1.1,0.0,0.0,96.1,2.8
20171207185341,0.0,0.0,0.0,0.5,0.0,0.0,99.0,0.5
20171207185411,0.0,0.0,0.0,0.4,0.0,0.0,98.6,1.1
20171207185441,0.0,0.0,0.0,0.4,0.0,0.0,98.3,1.3
20171207185511,0.0,0.0,0.0,1.0,0.0,0.0,95.8,3.2
20171207185541,0.0,0.0,0.0,0.3,0.0,0.0,98.4,1.3
20171207185611,0.0,0.0,0.0,0.5,0.0,0.0,96.6,2.9
20171207185641,0.0,0.0,0.0,0.3,0.0,0.0,98.3,1.4
20171207185711,0.0,0.0,0.0,0.5,0.0,0.0,97.8,1.7
20171207185741,0.0,0.0,0.0,0.4,0.0,0.0,99.1,0.5
20171207185811,0.0,0.0,0.0,1.1,0.0,0.0,97.0,1.8
20171207185841,0.0,0.0,0.0,1.6,0.0,0.0,93.9,4.5
20171207185911,0.0,0.0,0.0,0.7,0.0,0.0,96.3,2.9
20171207185941,0.0,0.0,0.0,0.3,0.0,0.0,99.0,0.7
20171207190011,0.0,0.0,0.0,0.5,0.0,0.0,98.5,1.0
20171207190041,0.0,0.0,0.0,0.5,0.0,0.0,95.8,3.7
20171207190111,0.0,0.0,0.0,0.4,0.0,0.0,95.9,3.7
20171207190141,0.0,0.0,0.0,0.2,0.0,0.0,98.4,1.4
20171207190211,0.0,0.0,0.0,0.3,0.0,0.0,98.3,1.4
20171207190241,0.0,0.0,0.0,0.2,0.0,0.0,98.7,1.1
20171207190311,0.0,0.0,0.0,0.4,0.0,0.0,98.3,1.3
20171207190341,0.0,0.0,0.0,0.4,0.0,0.0,96.8,2.7
20171207190411,0.0,0.0,0.0,0.6,0.0,0.0,97.4,1.9
20171207190441,0.0,0.0,0.0,0.2,0.0,0.0,99.0,0.9
20171207190511,0.0,0.0,0.0,0.6,0.0,0.0,97.5,1.9
20171207190541,0.0,0.0,0.0,0.5,0.0,0.0,96.0,3.5
20171207190611,0.0,0.0,0.0,0.5,0.0,0.0,97.3,2.2
20171207190641,0.0,0.0,0.0,0.3,0.0,0.0,98.8,0.9
20171207190711,0.0,0.0,0.0,0.4,0.0,0.0,98.5,1.2
20171207190741,0.0,0.0,0.0,0.3,0.0,0.0,99.1,0.6
20171207190811,0.0,0.0,0.0,0.3,0.0,0.0,98.0,1.7
20171207190841,0.0,0.0,0.0,0.7,0.0,0.0,95.3,4.0
20171207190911,0.0,0.0,0.0,0.2,0.0,0.0,99.2,0.7
20171207190942,0.0,0.0,0.0,0.2,0.0,0.0,98.6,1.2
20171207191012,0.0,0.0,0.0,0.3,0.0,0.0,98.5,1.2
20171207191042,0.0,0.0,0.0,0.6,0.0,0.0,98.5,0.8
20171207191112,0.0,0.0,0.0,0.5,0.0,0.0,98.3,1.2
20171207191142,0.0,0.0,0.0,0.5,0.0,0.0,97.6,1.9
20171207191212,0.0,0.0,0.0,0.4,0.0,0.0,98.5,1.1
20171207191242,0.0,0.0,0.0,0.4,0.0,0.0,98.2,1.4
20171207191312,0.0,0.0,0.0,0.3,0.0,0.0,99.0,0.7
20171207191342,0.0,0.0,0.0,0.1,0.0,0.0,99.1,0.8
20171207191412,0.0,0.0,0.0,0.1,0.0,0.0,99.4,0.5
20171207191442,0.0,0.0,0.0,0.2,0.0,0.0,99.4,0.4
20171207191512,0.0,0.0,0.0,0.1,0.0,0.0,99.5,0.4
20171207191542,0.0,0.0,0.0,0.1,0.0,0.0,99.4,0.5
20171207191612,0.0,0.0,0.0,0.2,0.0,0.0,99.4,0.4
20171207191642,0.0,0.0,0.0,0.2,0.0,0.0,99.1,0.7
20171207191712,0.0,0.0,0.0,0.2,0.0,0.0,99.6,0.3
20171207191742,0.0,0.0,0.0,0.2,0.0,0.0,98.9,0.9
20171207191812,0.0,0.0,0.0,0.2,0.0,0.0,98.8,1.1
20171207191842,0.0,0.0,0.0,0.1,0.0,0.0,99.4,0.5
20171207191912,0.0,0.0,0.0,0.1,0.0,0.0,99.6,0.3
20171207191942,0.0,0.0,0.0,0.1,0.0,0.0,99.5,0.3
20171207192012,0.0,0.0,0.0,0.2,0.0,0.0,99.2,0.6
20171207192042,0.0,0.0,0.0,0.6,0.0,0.0,99.2,0.2
20171207192112,0.0,0.0,0.0,1.3,0.0,0.0,97.9,0.8
20171207192142,0.0,0.0,0.0,0.4,0.0,0.0,99.0,0.7
20171207192212,0.0,0.0,0.0,0.2,0.0,0.0,99.5,0.3
20171207192242,0.0,0.0,0.0,0.5,0.0,0.0,98.6,1.0
20171207192312,0.0,0.0,0.0,0.4,0.0,0.0,98.8,0.8
20171207192342,0.0,0.0,0.0,0.2,0.0,0.0,99.3,0.5
20171207192412,0.0,0.0,0.0,0.1,0.0,0.0,99.5,0.4
20171207192442,0.0,0.0,0.0,0.2,0.0,0.0,99.2,0.6
20171207192512,0.0,0.0,0.0,0.1,0.0,0.0,99.7,0.2
20171207192542,0.0,0.0,0.0,0.1,0.0,0.0,99.7,0.2
20171207192612,0.0,0.0,0.0,0.2,0.0,0.0,99.3,0.5
20171207192642,0.0,0.0,0.0,1.0,0.0,0.0,97.0,2.0
20171207192712,0.0,0.0,0.0,0.2,0.0,0.0,99.4,0.4
20171207192742,0.0,0.0,0.0,0.4,0.0,0.0,98.9,0.6
20171207192812,0.0,0.0,0.0,0.2,0.0,0.0,99.4,0.5
20171207192842,0.0,0.0,0.0,0.2,0.0,0.0,99.3,0.5
20171207192912,0.0,0.0,0.0,0.2,0.0,0.0,99.5,0.3
20171207192942,0.0,0.0,0.0,0.4,0.0,0.0,98.5,1.0
20171207193012,0.0,0.0,0.0,0.5,0.0,0.0,98.7,0.8
20171207193042,0.0,0.0,0.0,0.5,0.0,0.0,97.4,2.0
20171207193112,0.0,0.0,0.0,0.6,0.0,0.0,96.9,2.5
20171207193142,0.0,0.0,0.0,0.2,0.0,0.0,98.7,1.1
20171207193212,0.0,0.0,0.0,0.3,0.0,0.0,99.1,0.6
20171207193242,0.0,0.0,0.0,0.2,0.0,0.0,99.0,0.8
20171207193312,0.0,0.0,0.0,0.3,0.0,0.0,98.0,1.6
20171207193342,0.0,0.0,0.0,0.3,0.0,0.0,98.3,1.3
20171207193412,0.1,0.0,0.0,6.7,0.4,0.0,89.9,2.8
20171207193442,0.3,0.0,0.0,68.6,3.8,0.0,26.8,0.4
20171207193512,0.1,0.0,0.0,25.3,5.3,0.0,68.4,0.9
20171207193542,0.0,0.0,0.0,24.0,1.3,0.0,74.1,0.6
20171207193612,0.1,0.0,0.0,67.6,4.4,0.0,27.2,0.7
20171207193642,0.0,0.0,0.0,98.3,1.6,0.0,0.1,0.0
20171207193712,0.1,0.0,0.0,71.1,8.8,0.0,19.3,0.7
20171207193742,0.0,0.0,0.0,30.3,2.0,0.0,66.4,1.2
20171207193812,0.1,0.0,0.0,27.2,1.1,0.0,70.1,1.5
20171207193842,0.0,0.0,0.0,42.9,1.4,0.0,53.7,2.0
20171207193912,0.0,0.0,0.0,56.0,0.6,0.0,42.8,0.6
20171207193942,0.0,0.0,0.0,94.8,1.3,0.0,3.7,0.1
20171207194012,0.0,0.0,0.0,88.7,5.9,0.0,5.1,0.2
20171207194042,0.0,0.0,0.0,93.1,1.1,0.0,5.7,0.1
20171207194112,0.0,0.0,0.0,97.8,1.4,0.0,0.8,0.0
20171207194142,0.0,0.0,0.0,91.9,0.9,0.0,6.8,0.3
20171207194212,0.0,0.0,0.0,87.4,6.5,0.0,5.7,0.3
20171207194242,0.0,0.0,0.0,78.4,0.8,0.0,19.4,1.3
20171207194312,0.0,0.0,0.0,51.3,1.0,0.0,47.1,0.6
20171207194343,0.0,0.0,0.0,40.3,0.1,0.0,58.2,1.4
20171207194413,0.0,0.0,0.0,39.4,0.2,0.0,57.6,2.8
20171207194443,0.0,0.0,0.0,23.9,0.2,0.0,74.4,1.5
20171207194513,0.0,0.0,0.0,30.1,0.1,0.0,64.2,5.6
20171207194543,0.0,0.0,0.0,10.9,0.1,0.0,85.9,3.1
20171207194613,0.0,0.0,0.0,1.1,0.0,0.0,96.1,2.7
20171207194643,0.0,0.0,0.0,2.5,0.0,0.0,96.0,1.5
20171207194713,0.0,0.0,0.0,3.3,0.0,0.0,95.9,0.8
20171207194743,0.0,0.0,0.0,4.8,0.0,0.0,93.7,1.4
20171207194813,0.0,0.0,0.0,4.8,0.1,0.0,92.0,3.1
20171207194843,0.0,0.0,0.0,13.0,0.1,0.0,84.3,2.6
20171207194913,0.0,0.0,0.0,1.0,0.0,0.0,98.3,0.7
20171207194943,0.0,0.0,0.0,0.4,0.0,0.0,98.6,0.9
20171207195013,0.0,0.0,0.0,0.6,0.0,0.0,98.5,0.9
20171207195043,0.0,0.0,0.0,0.7,0.0,0.0,99.2,0.1
20171207195113,0.0,0.0,0.0,1.3,0.0,0.0,98.2,0.4
20171207195143,0.0,0.0,0.0,9.7,0.2,0.0,89.5,0.6
20171207195213,0.1,0.0,0.0,46.0,1.4,0.0,51.9,0.6
20171207195243,0.0,0.0,0.0,3.8,0.1,0.0,93.3,2.9
20171207195313,0.0,0.0,0.0,2.0,0.0,0.0,94.9,3.1
20171207195343,0.0,0.0,0.0,5.1,0.1,0.0,90.9,4.0
20171207195413,0.0,0.0,0.0,9.1,0.3,0.0,89.9,0.8
20171207195443,0.0,0.0,0.0,6.6,0.5,0.0,91.4,1.4
20171207195513,0.0,0.0,0.0,40.3,1.4,0.0,52.1,6.1
20171207195543,0.0,0.0,0.0,86.7,0.6,0.0,12.0,0.7
20171207195613,0.0,0.0,0.0,78.4,1.2,0.0,19.5,0.9
20171207195643,0.0,0.0,0.0,72.3,0.8,0.0,22.8,4.0
20171207195713,0.0,0.0,0.0,54.4,0.4,0.0,43.7,1.4
20171207195743,0.0,0.0,0.0,7.6,0.0,0.0,88.9,3.4
20171207195813,0.0,0.0,0.0,4.5,0.0,0.0,89.0,6.4
20171207195843,0.0,0.0,0.0,3.2,0.0,0.0,94.0,2.7
20171207195913,0.1,0.0,0.0,77.4,0.3,0.0,20.6,1.6
20171207195943,0.0,0.0,0.0,38.1,0.1,0.0,50.6,11.2
20171207200013,0.0,0.0,0.0,25.2,0.1,0.0,72.7,2.1
20171207200043,0.0,0.0,0.0,45.9,0.1,0.0,52.7,1.2
20171207200113,0.0,0.0,0.0,20.3,0.1,0.0,77.6,1.9
20171207200143,0.0,0.0,0.0,6.2,0.1,0.0,92.0,1.7
20171207200213,0.0,0.0,0.0,11.8,0.1,0.0,84.1,3.9
20171207200243,0.0,0.0,0.0,10.5,0.1,0.0,83.0,6.4
20171207200313,0.0,0.0,0.0,10.1,0.2,0.0,85.6,4.0
20171207200343,0.0,0.0,0.0,5.1,0.2,0.0,88.7,6.0
20171207200413,0.0,0.0,0.0,2.3,0.0,0.0,87.0,10.6
20171207200443,0.0,0.0,0.0,2.2,0.0,0.0,94.3,3.5
20171207200513,0.1,0.0,0.0,10.2,0.3,0.0,79.0,10.4
20171207200543,0.0,0.0,0.0,3.8,0.0,0.0,66.7,29.5
20171207200613,0.0,0.0,0.0,8.2,0.0,0.0,87.4,4.3
20171207200643,0.0,0.0,0.0,14.3,0.1,0.0,79.4,6.1
20171207200713,0.0,0.0,0.0,5.4,0.0,0.0,92.1,2.4
20171207200743,0.1,0.0,0.0,6.5,0.2,0.0,85.5,7.8
20171207200813,0.0,0.0,0.0,7.6,0.0,0.0,88.9,3.4
20171207200843,0.0,0.0,0.0,5.1,0.0,0.0,92.1,2.7
20171207200913,0.0,0.0,0.0,3.9,0.0,0.0,93.9,2.2
20171207200943,0.0,0.0,0.0,2.6,0.0,0.0,96.3,1.1
20171207201013,0.0,0.0,0.0,3.1,0.0,0.0,91.5,5.3
20171207201043,0.0,0.0,0.0,2.5,0.0,0.0,96.1,1.3
20171207201113,0.0,0.0,0.0,1.4,0.0,0.0,96.5,2.1
20171207201143,0.0,0.0,0.0,1.3,0.0,0.0,96.8,1.9
20171207201213,0.0,0.0,0.0,2.8,0.0,0.0,94.0,3.2
20171207201243,0.0,0.0,0.0,3.8,0.0,0.0,93.3,2.9
20171207201313,0.0,0.0,0.0,3.3,0.1,0.0,93.3,3.2
20171207201343,0.0,0.0,0.0,5.1,0.1,0.0,89.3,5.5
20171207201413,0.0,0.0,0.0,1.3,0.0,0.0,97.7,1.0
20171207201443,0.0,0.0,0.0,3.0,0.0,0.0,95.1,1.8
20171207201513,0.0,0.0,0.0,1.8,0.1,0.0,95.5,2.6
20171207201543,0.0,0.0,0.0,0.6,0.1,0.0,98.1,1.2
20171207201613,0.0,0.0,0.0,1.2,0.1,0.0,95.4,3.2
20171207201643,0.0,0.0,0.0,0.7,0.0,0.0,98.2,1.1
20171207201713,0.0,0.0,0.0,0.9,0.0,0.0,97.0,2.1
20171207201744,0.0,0.0,0.0,1.2,0.0,0.0,98.0,0.8
20171207201814,0.0,0.0,0.0,0.9,0.0,0.0,97.6,1.6
20171207201844,0.0,0.0,0.0,0.5,0.0,0.0,98.8,0.7
20171207201914,0.0,0.0,0.0,0.8,0.0,0.0,98.5,0.7
20171207201944,0.0,0.0,0.0,0.6,0.1,0.0,99.1,0.2
20171207202014,0.0,0.0,0.0,0.7,0.1,0.0,98.6,0.6
20171207202044,0.0,0.0,0.0,0.6,0.0,0.0,99.2,0.2
20171207202114,0.0,0.0,0.0,1.1,0.0,0.0,98.4,0.5
20171207202144,0.0,0.0,0.0,0.7,0.0,0.0,98.5,0.8
20171207202214,0.0,0.0,0.0,0.2,0.0,0.0,99.5,0.3
20171207202244,0.0,0.0,0.0,0.6,0.0,0.0,99.1,0.3
20171207202314,0.0,0.0,0.0,0.4,0.0,0.0,99.4,0.2
20171207202344,0.0,0.0,0.0,0.5,0.0,0.0,99.0,0.5
20171207202414,0.0,0.0,0.0,0.2,0.0,0.0,99.2,0.6
20171207202444,0.0,0.0,0.0,2.0,0.0,0.0,95.6,2.4
20171207202514,0.0,0.0,0.0,0.7,0.0,0.0,98.7,0.6
20171207202544,0.0,0.0,0.0,0.3,0.0,0.0,99.4,0.3
20171207202614,0.0,0.0,0.0,17.9,0.7,0.0,79.3,2.1
20171207202644,0.0,0.0,0.0,63.8,2.2,0.0,33.4,0.6
20171207202714,0.0,0.0,0.0,22.3,0.3,0.0,76.9,0.5
20171207202744,0.0,0.0,0.0,26.5,0.6,0.0,71.2,1.7
20171207202814,0.0,0.0,0.0,50.2,0.4,0.0,47.2,2.2
20171207202844,0.0,0.0,0.0,4.1,0.1,0.0,92.5,3.4
20171207202914,0.0,0.0,0.0,30.3,0.4,0.0,66.3,2.9
20171207202944,0.0,0.0,0.0,12.7,2.0,0.0,82.9,2.3
20171207203014,0.0,0.0,0.0,5.9,0.3,0.0,91.7,2.1
20171207203044,0.0,0.0,0.0,3.5,0.2,0.0,92.8,3.5
20171207203114,0.0,0.0,0.0,2.2,0.1,0.0,95.0,2.6
20171207203144,0.0,0.0,0.0,3.9,0.1,0.0,94.3,1.6
20171207203214,0.0,0.0,0.0,4.7,0.1,0.0,92.9,2.4
20171207203244,0.0,0.0,0.0,2.1,0.0,0.0,94.9,3.0
20171207203314,0.0,0.0,0.0,7.5,0.1,0.0,89.5,2.9
20171207203344,0.0,0.0,0.0,4.1,0.2,0.0,94.8,0.9
20171207203414,0.0,0.0,0.0,1.0,0.1,0.0,98.3,0.6
20171207203444,0.0,0.0,0.0,0.9,0.0,0.0,98.6,0.4
20171207203514,0.0,0.0,0.0,2.3,0.1,0.0,96.5,1.1
20171207203544,0.0,0.0,0.0,7.7,0.2,0.0,90.1,2.0
20171207203614,0.0,0.0,0.0,3.6,0.2,0.0,95.5,0.7
20171207203644,0.0,0.0,0.0,2.3,0.1,0.0,96.9,0.7
20171207203714,0.0,0.0,0.0,4.5,0.1,0.0,90.8,4.6
20171207203744,0.0,0.0,0.0,3.2,0.1,0.0,93.6,3.2
20171207203814,0.0,0.0,0.0,2.0,0.1,0.0,97.3,0.6
20171207203844,0.0,0.0,0.0,2.5,0.0,0.0,97.3,0.2
20171207203914,0.0,0.0,0.0,1.4,0.0,0.0,98.4,0.2
20171207203944,0.0,0.0,0.0,5.1,0.0,0.0,94.7,0.2
20171207204014,0.0,0.0,0.0,12.9,0.4,0.0,86.4,0.3
20171207204044,0.0,0.0,0.0,19.4,0.2,0.0,80.3,0.2
20171207204114,0.0,0.0,0.0,0.4,0.0,0.0,99.5,0.1
20171207204144,0.0,0.0,0.0,0.7,0.0,0.0,99.2,0.1
20171207204214,0.0,0.0,0.0,0.2,0.0,0.0,99.7,0.1
20171207204244,0.0,0.0,0.0,0.8,0.0,0.0,99.1,0.2
20171207204314,0.0,0.0,0.0,1.8,0.1,0.0,97.9,0.2
20171207204344,0.0,0.0,0.0,2.6,0.3,0.0,96.6,0.5
20171207204414,0.0,0.0,0.0,1.0,0.1,0.0,98.5,0.4
20171207204444,0.0,0.0,0.0,2.2,0.1,0.0,97.4,0.3
20171207204514,0.0,0.0,0.0,1.6,0.0,0.0,98.1,0.3
20171207204544,0.0,0.0,0.0,0.2,0.0,0.0,99.7,0.1
20171207204614,0.0,0.0,0.0,0.4,0.0,0.0,99.6,0.1
20171207204645,0.0,0.0,0.0,1.3,0.0,0.0,98.5,0.2
20171207204715,0.0,0.0,0.0,3.5,0.1,0.0,96.3,0.2
20171207204745,0.0,0.0,0.0,0.4,0.0,0.0,99.5,0.0
20171207204815,0.0,0.0,0.0,1.7,0.1,0.0,98.0,0.2
20171207204845,0.0,0.0,0.0,1.3,0.1,0.0,98.4,0.2
20171207204915,0.0,0.0,0.0,6.2,0.0,0.0,90.5,3.2
20171207204945,0.0,0.0,0.0,2.1,0.0,0.0,97.4,0.4
20171207205015,0.0,0.0,0.0,3.4,0.0,0.0,96.5,0.1
20171207205045,0.0,0.0,0.0,1.6,0.0,0.0,98.3,0.1
20171207205115,0.0,0.0,0.0,0.1,0.0,0.0,99.8,0.0
20171207205145,0.0,0.0,0.0,0.2,0.0,0.0,99.7,0.1
20171207205215,0.0,0.0,0.0,0.2,0.0,0.0,99.6,0.1
20171207205245,0.0,0.0,0.0,0.0,0.0,0.0,100.0,0.0
20171207205315,0.0,0.0,0.0,0.1,0.0,0.0,99.7,0.1
20171207205345,0.0,0.0,0.0,0.2,0.0,0.0,99.7,0.1
20171207205415,0.0,0.0,0.0,0.6,0.1,0.0,99.1,0.3
20171207205445,0.0,0.0,0.0,0.4,0.0,0.0,98.9,0.7
20171207205515,0.0,0.0,0.0,0.6,0.1,0.0,95.9,3.3
20171207205545,0.0,0.0,0.0,0.3,0.0,0.0,99.3,0.3
20171207205615,0.0,0.0,0.0,0.2,0.0,0.0,99.6,0.1
20171207205645,0.0,0.0,0.0,0.1,0.0,0.0,99.8,0.1
20171207205715,0.0,0.0,0.0,0.0,0.0,0.0,99.8,0.1
20171207205745,0.0,0.0,0.0,0.1,0.0,0.0,99.8,0.1
20171207205815,0.0,0.0,0.0,0.1,0.0,0.0,99.7,0.2
20171207205845,0.0,0.0,0.0,0.0,0.0,0.0,99.8,0.2
20171207205915,0.0,0.0,0.0,0.1,0.0,0.0,99.7,0.2
20171207205945,0.0,0.0,0.0,0.1,0.0,0.0,99.9,0.0
20171207210015,0.0,0.0,0.0,0.7,0.0,0.0,99.1,0.2
20171207210045,0.0,0.0,0.0,0.3,0.0,0.0,99.6,0.1
20171207210115,0.0,0.0,0.0,1.1,0.0,0.0,98.6,0.2
20171207210145,0.0,0.0,0.0,0.7,0.3,0.0,98.8,0.2
20171207210215,0.0,0.0,0.0,0.9,0.2,0.0,97.7,1.2
20171207210245,0.0,0.0,0.0,0.1,0.0,0.0,99.8,0.1
20171207210315,0.0,0.0,0.0,0.5,0.0,0.0,99.3,0.1
20171207210345,0.0,0.0,0.0,0.4,0.0,0.0,99.5,0.1
20171207210415,0.0,0.0,0.0,5.5,0.3,0.0,86.3,7.9
20171207210445,0.0,0.0,0.0,0.4,0.1,0.0,98.5,1.0
20171207210515,0.0,0.0,0.0,0.3,0.0,0.0,98.9,0.7
20171207210545,0.0,0.0,0.0,0.8,0.1,0.0,98.7,0.4
20171207210615,0.0,0.0,0.0,0.9,0.3,0.0,97.1,1.7
20171207210645,0.0,0.0,0.0,2.7,0.2,0.0,94.7,2.3
20171207210715,0.0,0.0,0.0,0.2,0.0,0.0,99.1,0.6
20171207210745,0.0,0.0,0.0,0.2,0.0,0.0,98.9,0.8
20171207210815,0.0,0.0,0.0,0.1,0.0,0.0,99.8,0.1
20171207210845,0.0,0.0,0.0,0.3,0.0,0.0,96.9,2.8
20171207210915,0.0,0.0,0.0,0.3,0.0,0.0,99.2,0.4
20171207210945,0.0,0.0,0.0,1.2,0.1,0.0,97.3,1.5
20171207211015,0.0,0.0,0.0,0.3,0.1,0.0,98.9,0.7
20171207211045,0.0,0.0,0.0,1.5,0.1,0.0,97.5,0.8
20171207211115,0.0,0.0,0.0,0.8,0.1,0.0,98.9,0.2
20171207211145,0.0,0.0,0.0,0.5,0.0,0.0,99.3,0.2
20171207211215,0.0,0.0,0.0,0.4,0.0,0.0,99.2,0.4
20171207211245,0.0,0.0,0.0,0.1,0.0,0.0,99.8,0.1
20171207211315,0.0,0.0,0.0,1.6,0.0,0.0,97.9,0.4
20171207211345,0.0,0.0,0.0,0.2,0.0,0.0,99.7,0.2
20171207211415,0.0,0.0,0.0,0.2,0.0,0.0,99.5,0.2
20171207211445,0.0,0.0,0.0,0.2,0.0,0.0,99.7,0.1
20171207211515,0.0,0.0,0.0,0.1,0.0,0.0,99.9,0.0
20171207211545,0.0,0.0,0.0,0.1,0.0,0.0,99.8,0.0
20171207211615,0.0,0.0,0.0,0.9,0.0,0.0,98.9,0.1
20171207211645,0.0,0.0,0.0,0.2,0.0,0.0,99.6,0.1
20171207211715,0.0,0.0,0.0,0.8,0.1,0.0,99.0,0.2
20171207211745,0.0,0.0,0.0,0.2,0.0,0.0,99.7,0.1
20171207211815,0.0,0.0,0.0,0.2,0.0,0.0,99.5,0.3
20171207211845,0.0,0.0,0.0,0.1,0.0,0.0,99.9,0.1
20171207211916,0.0,0.0,0.0,0.4,0.0,0.0,99.4,0.1
20171207211946,0.0,0.0,0.0,0.2,0.0,0.0,99.7,0.1
20171207212016,0.0,0.0,0.0,0.1,0.0,0.0,99.8,0.1
20171207212046,0.0,0.0,0.0,0.1,0.0,0.0,99.8,0.0
20171207212116,0.0,0.0,0.0,0.1,0.0,0.0,99.5,0.4
20171207212146,0.0,0.0,0.0,0.4,0.0,0.0,99.3,0.3
20171207212216,0.0,0.0,0.0,0.1,0.0,0.0,99.8,0.1
20171207212246,0.0,0.0,0.0,0.7,0.1,0.0,98.7,0.6
20171207212316,0.0,0.0,0.0,0.4,0.0,0.0,99.1,0.5
20171207212346,0.0,0.0,0.0,0.2,0.0,0.0,99.7,0.0
20171207212416,0.0,0.0,0.0,0.1,0.0,0.0,99.8,0.0
20171207212446,0.0,0.0,0.0,1.3,0.0,0.0,98.6,0.1
20171207212516,0.0,0.0,0.0,1.8,0.1,0.0,97.8,0.4
20171207212546,0.0,0.0,0.0,2.0,0.0,0.0,97.8,0.2
20171207212616,0.0,0.0,0.0,0.4,0.0,0.0,99.4,0.1
20171207212646,0.0,0.0,0.0,0.4,0.0,0.0,99.5,0.1
20171207212716,0.0,0.0,0.0,0.8,0.1,0.0,99.1,0.1
20171207212746,0.0,0.0,0.0,0.3,0.1,0.0,99.3,0.4
20171207212816,0.0,0.0,0.0,0.5,0.0,0.0,98.9,0.5
20171207212846,0.0,0.0,0.0,0.9,0.1,0.0,98.9,0.1
20171207212916,0.0,0.0,0.0,0.1,0.0,0.0,99.7,0.1
20171207212946,0.0,0.0,0.0,0.1,0.0,0.0,99.7,0.2
20171207213016,0.0,0.0,0.0,0.1,0.0,0.0,99.4,0.4
20171207213046,0.0,0.0,0.0,0.1,0.0,0.0,99.7,0.2
20171207213116,0.0,0.0,0.0,0.0,0.0,0.0,99.9,0.1
20171207213146,0.0,0.0,0.0,0.0,0.0,0.0,99.9,0.1
20171207213216,0.0,0.0,0.0,0.1,0.0,0.0,99.7,0.2
20171207213246,0.0,0.0,0.0,0.1,0.0,0.0,99.8,0.1
20171207213316,0.0,0.0,0.0,0.1,0.0,0.0,99.8,0.1
20171207213346,0.0,0.0,0.0,0.1,0.0,0.0,99.8,0.1
20171207213416,0.0,0.0,0.0,0.2,0.0,0.0,99.7,0.1
20171207213446,0.0,0.0,0.0,0.0,0.0,0.0,99.5,0.4
20171207213516,0.0,0.0,0.0,0.2,0.1,0.0,98.7,1.0
20171207213546,0.0,0.0,0.0,0.0,0.0,0.0,99.5,0.5
20171207213616,0.0,0.0,0.0,0.1,0.0,0.0,99.8,0.1
20171207213646,0.0,0.0,0.0,0.1,0.0,0.0,99.3,0.6
20171207213716,0.0,0.0,0.0,0.1,0.0,0.0,99.7,0.2
20171207213746,0.0,0.0,0.0,0.1,0.0,0.0,99.9,0.1
20171207213816,0.0,0.0,0.0,0.1,0.0,0.0,99.9,0.1
20171207213846,0.0,0.0,0.0,0.0,0.0,0.0,99.9,0.1
20171207213916,0.0,0.0,0.0,0.0,0.0,0.0,99.9,0.0
20171207213946,0.0,0.0,0.0,0.0,0.0,0.0,99.9,0.0
20171207214016,0.0,0.0,0.0,0.0,0.0,0.0,99.9,0.0
20171207214046,0.0,0.0,0.0,0.0,0.0,0.0,99.9,0.0
20171207214116,0.0,0.0,0.0,0.1,0.0,0.0,99.6,0.2
20171207214146,0.0,0.0,0.0,0.2,0.1,0.0,99.5,0.2
20171207214216,0.0,0.0,0.0,0.5,0.3,0.0,98.0,1.3
20171207214246,0.0,0.0,0.0,0.2,0.2,0.0,99.1,0.5
20171207214316,0.0,0.0,0.0,0.4,0.2,0.0,98.7,0.7
20171207214346,0.0,0.0,0.0,0.1,0.1,0.0,99.2,0.7
20171207214416,0.0,0.0,0.0,0.1,0.0,0.0,99.8,0.1
20171207214446,0.0,0.0,0.0,0.2,0.1,0.0,98.3,1.4
20171207214516,0.0,0.0,0.0,0.0,0.0,0.0,99.7,0.3
20171207214546,0.0,0.0,0.0,0.0,0.0,0.0,99.8,0.2
20171207214616,0.0,0.0,0.0,0.2,0.1,0.0,99.4,0.3
20171207214646,0.0,0.0,0.0,0.8,0.2,0.0,95.9,3.1
20171207214716,0.0,0.0,0.0,0.4,0.1,0.0,98.0,1.5
20171207214746,0.0,0.0,0.0,0.3,0.0,0.0,99.1,0.6
20171207214816,0.0,0.0,0.0,1.2,0.1,0.0,98.1,0.6
20171207214846,0.0,0.0,0.0,0.5,0.2,0.0,99.1,0.2
20171207214916,0.0,0.0,0.0,0.1,0.0,0.0,99.9,0.0
20171207214946,0.0,0.0,0.0,0.2,0.1,0.0,99.5,0.2
20171207215016,0.0,0.0,0.0,0.3,0.3,0.0,98.7,0.7
20171207215046,0.0,0.0,0.0,1.2,0.2,0.0,98.0,0.6
20171207215116,0.0,0.0,0.0,0.5,0.2,0.0,98.4,0.9
20171207215146,0.0,0.0,0.0,0.6,0.1,0.0,99.0,0.3
20171207215216,0.0,0.0,0.0,0.2,0.1,0.0,99.4,0.3
20171207215246,0.0,0.0,0.0,0.8,0.6,0.0,98.3,0.2
20171207215316,0.0,0.0,0.0,0.2,0.2,0.0,99.6,0.0
20171207215347,0.0,0.0,0.0,0.7,0.3,0.0,98.9,0.1
20171207215417,0.0,0.0,0.0,0.6,0.0,0.0,99.2,0.2
20171207215447,0.0,0.0,0.0,0.0,0.0,0.0,99.9,0.1
20171207215517,0.0,0.0,0.0,0.1,0.2,0.0,99.7,0.1
20171207215547,0.0,0.0,0.0,0.1,0.1,0.0,99.7,0.0
20171207215617,0.0,0.0,0.0,2.5,0.8,0.0,96.5,0.1
20171207215647,0.0,0.0,0.0,1.3,2.0,0.0,96.2,0.5
20171207215717,0.0,0.0,0.0,0.5,0.8,0.0,98.5,0.2
20171207215747,0.0,0.0,0.0,0.2,0.1,0.0,99.0,0.6
20171207215817,0.0,0.0,0.0,0.8,0.7,0.0,97.7,0.7
20171207215847,0.0,0.0,0.0,0.9,5.7,0.0,92.6,0.8
20171207215917,0.0,0.0,0.0,4.7,22.5,0.0,72.1,0.6
20171207215947,0.0,0.0,0.0,0.2,0.2,0.0,99.5,0.1
20171207220017,0.0,0.0,0.0,0.1,0.4,0.0,99.4,0.1
20171207220047,0.0,0.0,0.0,0.5,0.9,0.0,98.4,0.1
20171207220117,0.0,0.0,0.0,0.2,0.1,0.0,99.5,0.2
20171207220147,0.0,0.0,0.0,0.9,3.1,0.0,95.6,0.4
20171207220217,0.0,0.0,0.0,1.2,1.1,0.0,97.2,0.5
20171207220247,0.0,0.0,0.0,0.4,1.8,0.0,97.2,0.6
20171207220317,0.0,0.0,0.0,0.2,0.3,0.0,99.1,0.4
20171207220347,0.0,0.0,0.0,0.1,0.3,0.0,99.3,0.3
20171207220417,0.0,0.0,0.0,0.6,1.2,0.0,98.0,0.1
20171207220447,0.0,0.0,0.0,0.2,1.5,0.0,98.1,0.2
20171207220517,0.0,0.0,0.0,2.4,6.3,0.0,90.6,0.6
20171207220547,0.0,0.0,0.0,1.3,2.6,0.0,95.8,0.4
20171207220617,0.0,0.0,0.0,0.3,2.0,0.0,97.3,0.4
20171207220647,0.0,0.0,0.0,0.1,0.7,0.0,98.8,0.3
20171207220717,0.0,0.0,0.0,0.1,1.1,0.0,98.7,0.2
20171207220747,0.0,0.0,0.0,0.4,4.8,0.0,94.4,0.4
20171207220817,0.0,0.0,0.0,2.0,7.6,0.0,89.9,0.5
20171207220847,0.0,0.0,0.0,0.4,1.5,0.0,98.0,0.1
20171207220917,0.0,0.0,0.0,0.1,0.2,0.0,99.5,0.2
20171207220947,0.0,0.0,0.0,0.2,0.3,0.0,99.0,0.5
20171207221017,0.0,0.0,0.0,0.0,0.4,0.0,99.2,0.4
20171207221047,0.0,0.0,0.0,0.0,0.4,0.0,99.3,0.3
20171207221117,0.0,0.0,0.0,0.3,3.2,0.0,96.2,0.4
20171207221147,0.0,0.0,0.0,0.0,0.2,0.0,99.8,0.0
20171207221217,0.0,0.0,0.0,0.0,0.0,0.0,99.9,0.0
20171207221247,0.0,0.0,0.0,0.1,1.0,0.0,98.7,0.2
20171207221317,0.0,0.0,0.0,0.0,0.1,0.0,99.9,0.1
20171207221347,0.0,0.0,0.0,0.0,0.5,0.0,99.0,0.5
20171207221417,0.0,0.0,0.0,0.1,0.7,0.0,99.0,0.3
20171207221447,0.0,0.0,0.0,0.1,1.0,0.0,98.9,0.1
20171207221517,0.0,0.0,0.0,0.0,0.4,0.0,99.5,0.1
20171207221547,0.0,0.0,0.0,0.1,0.5,0.0,99.2,0.2
20171207221617,0.0,0.0,0.0,0.0,0.4,0.0,99.5,0.1
20171207221647,0.0,0.0,0.0,0.0,0.2,0.0,99.6,0.2
20171207221717,0.0,0.0,0.0,0.0,0.1,0.0,99.8,0.1
20171207221747,0.0,0.0,0.0,0.0,0.7,0.0,99.2,0.1
20171207221817,0.0,0.0,0.0,0.0,0.1,0.0,99.9,0.0
20171207221847,0.0,0.0,0.0,0.0,0.4,0.0,99.5,0.0
20171207221917,0.0,0.0,0.0,0.0,0.4,0.0,99.3,0.3
20171207221947,0.0,0.0,0.0,0.0,0.2,0.0,99.7,0.1
20171207222017,0.0,0.0,0.0,0.0,0.1,0.0,99.8,0.1
20171207222047,0.0,0.0,0.0,0.0,0.1,0.0,99.8,0.1
20171207222117,0.0,0.0,0.0,0.0,0.0,0.0,99.9,0.0
20171207222147,0.0,0.0,0.0,0.0,0.1,0.0,99.9,0.0
20171207222217,0.0,0.0,0.0,0.0,0.1,0.0,99.9,0.1
20171207222247,0.0,0.0,0.0,0.0,0.0,0.0,99.9,0.0
20171207222317,0.0,0.0,0.0,0.0,0.0,0.0,99.9,0.0
20171207222347,0.0,0.0,0.0,0.0,0.4,0.0,99.6,0.0
20171207222417,0.0,0.0,0.0,0.0,0.4,0.0,99.5,0.1
20171207222447,0.0,0.0,0.0,0.0,0.2,0.0,99.6,0.2
20171207222517,0.0,0.0,0.0,0.0,0.1,0.0,99.8,0.0
20171207222547,0.0,0.0,0.0,0.0,0.2,0.0,99.8,0.0
20171207222617,0.0,0.0,0.0,0.0,0.1,0.0,99.8,0.1
20171207222647,0.0,0.0,0.0,0.0,0.6,0.0,99.3,0.1
20171207222717,0.0,0.0,0.0,0.0,0.1,0.0,99.9,0.0
20171207222748,0.0,0.0,0.0,0.0,0.1,0.0,99.9,0.1
20171207222818,0.0,0.0,0.0,0.0,0.1,0.0,99.8,0.1
20171207222848,0.0,0.0,0.0,0.0,0.0,0.0,99.9,0.0
20171207222918,0.0,0.0,0.0,0.0,0.3,0.0,99.6,0.1
20171207222948,0.0,0.0,0.0,0.0,0.2,0.0,99.7,0.1
20171207223018,0.0,0.0,0.0,0.0,0.0,0.0,99.9,0.0
20171207223048,0.0,0.0,0.0,0.0,0.1,0.0,99.9,0.0
20171207223118,0.0,0.0,0.0,0.0,0.1,0.0,99.8,0.1
20171207223148,0.0,0.0,0.0,0.0,0.0,0.0,99.9,0.0
20171207223218,0.0,0.0,0.0,0.0,0.0,0.0,99.9,0.0
20171207223248,0.0,0.0,0.0,0.0,0.1,0.0,99.8,0.1
20171207223318,0.0,0.0,0.0,0.0,0.2,0.0,99.8,0.1
20171207223348,0.0,0.0,0.0,0.0,0.7,0.0,98.9,0.4
20171207223418,0.0,0.0,0.0,0.0,0.1,0.0,99.8,0.0
20171207223448,0.0,0.0,0.0,0.0,0.0,0.0,99.9,0.1
20171207223518,0.0,0.0,0.0,0.0,0.0,0.0,99.9,0.0
20171207223548,0.0,0.0,0.0,0.0,0.1,0.0,99.9,0.0
20171207223618,0.0,0.0,0.0,0.0,0.0,0.0,100.0,0.0
20171207223648,0.0,0.0,0.0,0.0,0.3,0.0,99.6,0.1
20171207223718,0.0,0.0,0.0,0.0,0.4,0.0,99.5,0.1
20171207223748,0.0,0.0,0.0,0.0,0.3,0.0,99.6,0.1
20171207223818,0.0,0.0,0.0,0.0,0.2,0.0,99.7,0.1
20171207223848,0.0,0.0,0.0,0.0,0.1,0.0,99.7,0.1
20171207223918,0.0,0.0,0.0,0.0,0.1,0.0,99.8,0.1
20171207223948,0.0,0.0,0.0,0.0,0.1,0.0,99.9,0.0
20171207224018,0.0,0.0,0.0,0.0,0.1,0.0,99.9,0.1
20171207224048,0.0,0.0,0.0,0.0,0.0,0.0,99.9,0.0
20171207224118,0.0,0.0,0.0,0.0,0.0,0.0,99.9,0.0
20171207224148,0.0,0.0,0.0,0.0,0.0,0.0,100.0,0.0
20171207224218,0.0,0.0,0.0,0.0,0.0,0.0,100.0,0.0
20171207224248,0.0,0.0,0.0,0.0,0.0,0.0,100.0,0.0
20171207224318,0.0,0.0,0.0,0.0,0.0,0.0,100.0,0.0
20171207224348,0.0,0.0,0.0,0.0,0.0,0.0,100.0,0.0
20171207224418,0.0,0.0,0.0,0.0,0.1,0.0,99.9,0.0
20171207224448,0.0,0.0,0.0,0.0,0.0,0.0,99.9,0.0
20171207224518,0.0,0.0,0.0,0.0,0.1,0.0,99.9,0.0
20171207224548,0.0,0.0,0.0,0.0,0.1,0.0,99.8,0.0
20171207224618,0.0,0.0,0.0,0.0,0.2,0.0,99.8,0.0
20171207224648,0.0,0.0,0.0,0.0,0.1,0.0,99.8,0.1
20171207224718,0.0,0.0,0.0,0.0,0.1,0.0,99.9,0.0
20171207224748,0.0,0.0,0.0,0.0,0.1,0.0,99.9,0.0
20171207224818,0.0,0.0,0.0,0.0,0.0,0.0,99.9,0.0
20171207224848,0.0,0.0,0.0,0.0,0.0,0.0,100.0,0.0
20171207224918,0.0,0.0,0.0,0.0,0.0,0.0,100.0,0.0
20171207224948,0.0,0.0,0.0,0.0,0.0,0.0,100.0,0.0
20171207225018,0.0,0.0,0.0,0.0,0.0,0.0,99.9,0.0
20171207225048,0.0,0.0,0.0,0.0,0.1,0.0,99.7,0.2
20171207225118,0.0,0.0,0.0,0.0,0.0,0.0,99.9,0.1
20171207225148,0.0,0.0,0.0,0.0,0.0,0.0,99.9,0.0
20171207225218,0.0,0.0,0.0,0.0,0.1,0.0,99.7,0.2
20171207225248,0.0,0.0,0.0,0.0,0.0,0.0,100.0,0.0
20171207225318,0.0,0.0,0.0,0.0,0.1,0.0,99.9,0.0
20171207225348,0.0,0.0,0.0,0.0,0.0,0.0,100.0,0.0
20171207225418,0.0,0.0,0.0,0.0,0.0,0.0,100.0,0.0
20171207225448,0.0,0.0,0.0,0.0,0.0,0.0,99.9,0.1
20171207225518,0.0,0.0,0.0,0.0,0.1,0.0,99.8,0.1
20171207225549,0.0,0.0,0.0,0.0,0.1,0.0,99.9,0.0
20171207225619,0.0,0.0,0.0,0.0,0.2,0.0,99.7,0.1
20171207225649,0.0,0.0,0.0,0.0,0.4,0.0,99.5,0.1
20171207225719,0.0,0.0,0.0,0.0,0.0,0.0,100.0,0.0
20171207225749,0.0,0.0,0.0,0.0,0.0,0.0,100.0,0.0
20171207225819,0.0,0.0,0.0,0.0,0.0,0.0,100.0,0.0
20171207225849,0.0,0.0,0.0,0.0,0.0,0.0,100.0,0.0
20171207225919,0.0,0.0,0.0,0.0,0.1,0.0,99.9,0.0
20171207225949,0.0,0.0,0.0,0.0,0.1,0.0,99.9,0.1
20171207230019,0.0,0.0,0.0,0.0,0.2,0.0,99.7,0.0
20171207230049,0.0,0.0,0.0,0.0,0.1,0.0,99.8,0.1
20171207230119,0.0,0.0,0.0,0.0,0.3,0.0,99.6,0.1
20171207230149,0.0,0.0,0.0,0.0,0.2,0.0,99.7,0.1
20171207230219,0.0,0.0,0.0,0.0,0.1,0.0,99.8,0.1
20171207230249,0.0,0.0,0.0,0.0,0.1,0.0,99.7,0.2
20171207230319,0.0,0.0,0.0,0.0,0.0,0.0,100.0,0.0
20171207230349,0.0,0.0,0.0,0.0,0.0,0.0,99.9,0.1
20171207230419,0.0,0.0,0.0,0.0,0.1,0.0,99.8,0.1
20171207230449,0.0,0.0,0.0,0.0,0.0,0.0,99.9,0.0
20171207230519,0.0,0.0,0.0,0.0,0.0,0.0,100.0,0.0
20171207230549,0.0,0.0,0.0,0.0,0.0,0.0,99.8,0.1
20171207230619,0.0,0.0,0.0,0.0,0.1,0.0,99.9,0.1
20171207230649,0.0,0.0,0.0,0.0,0.1,0.0,99.9,0.0
20171207230719,0.0,0.0,0.0,0.0,0.1,0.0,99.8,0.0
20171207230749,0.0,0.0,0.0,0.0,0.2,0.0,99.6,0.2
20171207230819,0.0,0.0,0.0,0.0,0.2,0.0,99.5,0.3
20171207230849,0.0,0.0,0.0,0.0,0.1,0.0,99.8,0.0
20171207230919,0.0,0.0,0.0,0.0,0.8,0.0,99.1,0.1
20171207230949,0.0,0.0,0.0,0.0,0.2,0.0,99.8,0.0
20171207231019,0.0,0.0,0.0,0.0,1.2,0.0,98.7,0.0
20171207231049,0.0,0.0,0.0,0.0,0.5,0.0,99.5,0.0
20171207231119,0.0,0.0,0.0,0.0,0.7,0.0,99.3,0.1
20171207231149,0.0,0.0,0.0,0.0,0.7,0.0,99.1,0.2
20171207231219,0.0,0.0,0.0,0.0,0.1,0.0,99.9,0.0
20171207231249,0.0,0.0,0.0,0.0,0.0,0.0,99.9,0.0
20171207231319,0.0,0.0,0.0,0.0,0.0,0.0,100.0,0.0
20171207231349,0.0,0.0,0.0,0.0,0.0,0.0,99.9,0.0
20171207231419,0.0,0.0,0.0,0.0,0.1,0.0,99.9,0.0
20171207231449,0.0,0.0,0.0,0.0,0.0,0.0,99.9,0.1
20171207231519,0.0,0.0,0.0,0.0,0.0,0.0,99.9,0.0
20171207231549,0.0,0.0,0.0,0.0,0.0,0.0,100.0,0.0
20171207231619,0.0,0.0,0.0,0.0,0.1,0.0,99.9,0.1
20171207231649,0.0,0.0,0.0,0.0,0.0,0.0,100.0,0.0
20171207231719,0.0,0.0,0.0,0.0,0.0,0.0,99.9,0.1
20171207231749,0.0,0.0,0.0,0.0,0.0,0.0,99.9,0.0
20171207231819,0.0,0.0,0.0,0.0,0.0,0.0,100.0,0.0
20171207231849,0.0,0.0,0.0,0.0,0.0,0.0,100.0,0.0
20171207231919,0.0,0.0,0.0,0.0,0.0,0.0,99.9,0.1
20171207231949,0.0,0.0,0.0,0.0,0.2,0.0,99.8,0.1
20171207232019,0.0,0.0,0.0,0.0,0.2,0.0,99.7,0.0
20171207232049,0.0,0.0,0.0,0.0,0.0,0.0,100.0,0.0
20171207232119,0.0,0.0,0.0,0.0,0.0,0.0,99.9,0.0
20171207232149,0.0,0.0,0.0,0.0,0.0,0.0,99.9,0.0
20171207232219,0.0,0.0,0.0,0.0,0.0,0.0,99.9,0.0
20171207232249,0.0,0.0,0.0,0.0,0.1,0.0,99.9,0.0
20171207232319,0.0,0.0,0.0,0.0,0.0,0.0,99.9,0.0
20171207232349,0.0,0.0,0.0,0.0,0.1,0.0,99.8,0.0
20171207232419,0.0,0.0,0.0,0.0,0.0,0.0,100.0,0.0
20171207232449,0.0,0.0,0.0,0.0,0.0,0.0,99.8,0.1
20171207232519,0.0,0.0,0.0,0.0,0.1,0.0,99.8,0.0
20171207232549,0.0,0.0,0.0,0.0,0.0,0.0,99.9,0.1
20171207232619,0.0,0.0,0.0,0.0,0.0,0.0,100.0,0.0
20171207232649,0.0,0.0,0.0,0.0,0.2,0.0,99.6,0.2
20171207232719,0.0,0.0,0.0,0.0,0.3,0.0,99.7,0.1
20171207232749,0.0,0.0,0.0,0.0,0.3,0.0,99.6,0.0
20171207232819,0.0,0.0,0.0,0.0,0.4,0.0,99.1,0.4
20171207232849,0.0,0.0,0.0,0.0,0.5,0.0,99.0,0.4
20171207232919,0.0,0.0,0.0,0.0,0.3,0.0,99.5,0.2
20171207232950,0.0,0.0,0.0,0.0,0.2,0.0,99.7,0.1
20171207233020,0.0,0.0,0.0,0.1,0.6,0.0,99.3,0.1
20171207233050,0.0,0.0,0.0,0.1,0.1,0.0,99.8,0.1
20171207233120,0.0,0.0,0.0,0.0,0.1,0.0,99.9,0.1
20171207233150,0.0,0.0,0.0,0.0,0.4,0.0,99.6,0.0
20171207233220,0.0,0.0,0.0,0.0,0.1,0.0,99.7,0.1
20171207233250,0.0,0.0,0.0,0.1,0.6,0.0,98.9,0.4
20171207233320,0.0,0.0,0.0,0.0,0.1,0.0,99.4,0.5
20171207233350,0.0,0.0,0.0,0.1,0.3,0.0,98.5,1.1
20171207233420,0.0,0.0,0.0,0.1,0.2,0.0,99.4,0.3
20171207233450,0.0,0.0,0.0,0.0,0.1,0.0,99.4,0.6
20171207233520,0.0,0.0,0.0,0.0,0.5,0.0,99.0,0.5
20171207233550,0.0,0.0,0.0,0.0,0.1,0.0,99.6,0.3
20171207233620,0.0,0.0,0.0,0.0,0.5,0.0,99.1,0.4
20171207233650,0.0,0.0,0.0,0.0,0.1,0.0,99.4,0.5
20171207233720,0.0,0.0,0.0,0.1,0.1,0.0,99.0,0.8
20171207233750,0.0,0.0,0.0,0.0,0.1,0.0,99.6,0.3
20171207233820,0.0,0.0,0.0,0.0,0.1,0.0,99.6,0.3
20171207233850,0.0,0.0,0.0,0.1,0.3,0.0,98.5,1.1
20171207233920,0.0,0.0,0.0,0.0,0.1,0.0,99.2,0.6
20171207233950,0.0,0.0,0.0,0.0,0.1,0.0,99.7,0.3
20171207234020,0.0,0.0,0.0,0.0,0.2,0.0,99.6,0.2
20171207234050,0.0,0.0,0.0,0.0,0.1,0.0,99.5,0.3
20171207234120,0.0,0.0,0.0,0.0,0.0,0.0,99.9,0.0
20171207234150,0.0,0.0,0.0,0.0,0.0,0.0,99.9,0.1
20171207234220,0.0,0.0,0.0,0.0,0.1,0.0,99.8,0.2
20171207234250,0.0,0.0,0.0,0.0,0.0,0.0,99.9,0.1
20171207234320,0.0,0.0,0.0,0.0,0.0,0.0,100.0,0.0
20171207234350,0.0,0.0,0.0,0.0,0.0,0.0,99.9,0.1
20171207234420,0.0,0.0,0.0,0.0,0.0,0.0,100.0,0.0
20171207234450,0.0,0.0,0.0,0.0,0.1,0.0,99.5,0.3
20171207234520,0.0,0.0,0.0,0.0,0.0,0.0,99.9,0.0
20171207234550,0.0,0.0,0.0,0.0,0.0,0.0,99.9,0.1
20171207234620,0.0,0.0,0.0,0.0,0.0,0.0,99.9,0.0
20171207234650,0.0,0.0,0.0,0.0,0.0,0.0,99.9,0.1
20171207234720,0.0,0.0,0.0,0.0,0.0,0.0,99.8,0.1
20171207234750,0.0,0.0,0.0,0.0,0.0,0.0,99.9,0.1
20171207234820,0.0,0.0,0.0,0.0,0.2,0.0,99.5,0.2
20171207234850,0.0,0.0,0.0,0.0,0.1,0.0,99.9,0.0
20171207234920,0.0,0.0,0.0,0.0,0.1,0.0,99.9,0.0
20171207234950,0.0,0.0,0.0,0.0,0.0,0.0,100.0,0.0
20171207235020,0.0,0.0,0.0,0.0,0.0,0.0,99.9,0.0
20171207235050,0.0,0.0,0.0,0.0,0.1,0.0,99.9,0.0
20171207235120,0.0,0.0,0.0,0.0,0.2,0.0,99.8,0.0
20171207235150,0.0,0.0,0.0,0.0,0.3,0.0,99.6,0.1
20171207235220,0.0,0.0,0.0,0.0,0.1,0.0,99.7,0.2
20171207235250,0.0,0.0,0.0,0.0,0.2,0.0,99.6,0.2
20171207235320,0.0,0.0,0.0,0.0,0.2,0.0,99.7,0.0
20171207235350,0.0,0.0,0.0,0.0,0.1,0.0,99.9,0.0
20171207235420,0.0,0.0,0.0,0.0,0.0,0.0,100.0,0.0
20171207235450,0.0,0.0,0.0,0.0,0.1,0.0,99.9,0.0
20171207235520,0.0,0.0,0.0,0.0,0.1,0.0,99.9,0.0
20171207235550,0.0,0.0,0.0,0.0,0.0,0.0,100.0,0.0
20171207235620,0.0,0.0,0.0,0.0,0.0,0.0,99.9,0.0
20171207235650,0.0,0.0,0.0,0.0,0.0,0.0,99.9,0.1
20171207235720,0.0,0.0,0.0,0.0,0.0,0.0,99.9,0.0
20171207235750,0.0,0.0,0.0,0.0,0.1,0.0,99.8,0.1
20171207235820,0.0,0.0,0.0,0.0,0.4,0.0,99.5,0.1
20171207235850,0.0,0.0,0.0,0.0,0.3,0.0,99.6,0.1
20171207235920,0.0,0.0,0.0,0.0,0.1,0.0,99.9,0.0
20171207235950,0.0,0.0,0.0,0.0,0.1,0.0,99.8,0.0
20171208000020,0.0,0.0,0.0,0.0,0.0,0.0,99.9,0.0
20171208000050,0.0,0.0,0.0,0.0,0.0,0.0,100.0,0.0
20171208000120,0.0,0.0,0.0,0.0,0.0,0.0,100.0,0.0
20171208000150,0.0,0.0,0.0,0.0,0.0,0.0,99.9,0.1
20171208000220,0.0,0.0,0.0,0.0,0.0,0.0,100.0,0.0
20171208000250,0.0,0.0,0.0,0.0,0.0,0.0,99.9,0.1
20171208000320,0.0,0.0,0.0,0.0,0.0,0.0,99.9,0.1
20171208000351,0.0,0.0,0.0,0.0,0.4,0.0,99.5,0.0
20171208000421,0.0,0.0,0.0,0.0,0.0,0.0,100.0,0.0
20171208000451,0.0,0.0,0.0,0.0,0.1,0.0,99.9,0.0
20171208000521,0.0,0.0,0.0,0.0,0.0,0.0,100.0,0.0
20171208000551,0.0,0.0,0.0,0.0,0.0,0.0,99.7,0.2
20171208000621,0.0,0.0,0.0,0.0,0.1,0.0,99.9,0.0
20171208000651,0.0,0.0,0.0,0.0,0.1,0.0,99.8,0.1
20171208000721,0.0,0.0,0.0,0.0,0.1,0.0,99.8,0.0
20171208000751,0.0,0.0,0.0,0.0,0.1,0.0,99.9,0.0
20171208000821,0.0,0.0,0.0,0.0,0.0,0.0,99.9,0.1
20171208000851,0.0,0.0,0.0,0.0,0.1,0.0,99.8,0.1
20171208000921,0.0,0.0,0.0,0.0,0.0,0.0,99.9,0.0
20171208000951,0.0,0.0,0.0,0.0,0.0,0.0,99.9,0.0
20171208001021,0.0,0.0,0.0,0.0,0.0,0.0,99.9,0.0
20171208001051,0.0,0.0,0.0,0.0,0.1,0.0,99.8,0.1
20171208001121,0.0,0.0,0.0,0.0,0.1,0.0,99.9,0.1
20171208001151,0.0,0.0,0.0,0.0,0.0,0.0,99.9,0.0
20171208001221,0.0,0.0,0.0,0.0,0.1,0.0,99.9,0.0
20171208001251,0.0,0.0,0.0,0.0,0.0,0.0,100.0,0.0
20171208001321,0.0,0.0,0.0,0.0,0.1,0.0,99.9,0.0
20171208001351,0.0,0.0,0.0,0.0,0.0,0.0,99.9,0.0
20171208001421,0.0,0.0,0.0,0.0,0.0,0.0,100.0,0.0
20171208001451,0.0,0.0,0.0,0.0,0.0,0.0,99.9,0.0
20171208001521,0.0,0.0,0.0,0.0,0.1,0.0,99.7,0.2
20171208001551,0.0,0.0,0.0,0.0,0.2,0.0,99.8,0.0
20171208001621,0.0,0.0,0.0,0.0,0.1,0.0,99.9,0.0
20171208001651,0.0,0.0,0.0,0.0,0.0,0.0,99.9,0.0
20171208001721,0.0,0.0,0.0,0.0,0.0,0.0,99.9,0.0
20171208001751,0.0,0.0,0.0,0.0,0.1,0.0,99.8,0.1
20171208001821,0.0,0.0,0.0,0.0,0.0,0.0,99.9,0.1
20171208001851,0.0,0.0,0.0,0.0,0.1,0.0,99.9,0.0
20171208001921,0.0,0.0,0.0,0.0,0.1,0.0,99.8,0.1
20171208001951,0.0,0.0,0.0,0.0,0.0,0.0,99.9,0.0
20171208002021,0.0,0.0,0.0,0.0,0.1,0.0,99.9,0.0
20171208002051,0.0,0.0,0.0,0.0,0.3,0.0,99.6,0.1
20171208002121,0.0,0.0,0.0,0.0,0.2,0.0,99.7,0.1
20171208002151,0.0,0.0,0.0,0.0,0.0,0.0,99.9,0.0
20171208002221,0.0,0.0,0.0,0.0,0.1,0.0,99.6,0.2
20171208002251,0.0,0.0,0.0,0.0,0.1,0.0,99.8,0.1
20171208002321,0.0,0.0,0.0,0.0,0.0,0.0,99.8,0.1
20171208002351,0.0,0.0,0.0,0.0,0.1,0.0,99.8,0.1
20171208002421,0.0,0.0,0.0,0.0,0.1,0.0,99.7,0.2
20171208002451,0.0,0.0,0.0,0.0,1.1,0.0,98.5,0.4
20171208002521,0.0,0.0,0.0,0.0,0.9,0.0,99.0,0.1
20171208002551,0.0,0.0,0.0,0.0,0.1,0.0,99.8,0.1
20171208002621,0.0,0.0,0.0,0.0,0.0,0.0,99.8,0.1
20171208002651,0.0,0.0,0.0,0.0,0.0,0.0,99.9,0.1
20171208002721,0.0,0.0,0.0,0.0,0.2,0.0,99.2,0.6
20171208002751,0.0,0.0,0.0,0.0,0.2,0.0,99.6,0.2
20171208002821,0.0,0.0,0.0,0.0,0.1,0.0,99.5,0.4
20171208002851,0.0,0.0,0.0,0.0,0.1,0.0,99.8,0.1
20171208002921,0.0,0.0,0.0,0.0,0.0,0.0,99.7,0.3
20171208002951,0.0,0.0,0.0,0.0,0.0,0.0,99.8,0.2
20171208003021,0.0,0.0,0.0,0.0,0.3,0.0,99.4,0.3
20171208003051,0.0,0.0,0.0,0.0,0.1,0.0,99.7,0.2
20171208003122,0.0,0.0,0.0,0.0,0.0,0.0,99.7,0.3
20171208003152,0.0,0.0,0.0,0.0,0.0,0.0,99.9,0.0
20171208003222,0.0,0.0,0.0,0.0,0.0,0.0,99.9,0.0
20171208003252,0.0,0.0,0.0,0.0,0.0,0.0,99.9,0.1
20171208003322,0.0,0.0,0.0,0.0,0.0,0.0,99.7,0.3
20171208003352,0.0,0.0,0.0,0.0,0.0,0.0,100.0,0.0
20171208003422,0.0,0.0,0.0,0.0,0.0,0.0,99.9,0.1
20171208003452,0.0,0.0,0.0,0.0,0.0,0.0,99.9,0.1
20171208003522,0.0,0.0,0.0,0.0,0.0,0.0,99.6,0.3
20171208003552,0.0,0.0,0.0,0.0,0.0,0.0,99.9,0.1
20171208003622,0.0,0.0,0.0,0.0,0.0,0.0,99.8,0.2
20171208003652,0.0,0.0,0.0,0.0,0.0,0.0,99.7,0.3
20171208003722,0.0,0.0,0.0,0.1,0.0,0.0,99.2,0.7
20171208003752,0.0,0.0,0.0,0.0,0.0,0.0,99.9,0.1
20171208003822,0.0,0.0,0.0,0.0,0.0,0.0,99.8,0.2
20171208003852,0.0,0.0,0.0,0.0,0.0,0.0,99.6,0.4
20171208003922,0.0,0.0,0.0,0.1,0.0,0.0,99.0,0.8
20171208003952,0.0,0.0,0.0,0.0,0.0,0.0,98.5,1.5
20171208004022,0.0,0.0,0.0,0.0,0.0,0.0,99.0,0.9
20171208004052,0.0,0.0,0.0,0.0,0.1,0.0,97.6,2.3
20171208004122,0.0,0.0,0.0,0.0,0.0,0.0,99.6,0.3
20171208004152,0.0,0.0,0.0,0.0,0.0,0.0,99.5,0.5
20171208004222,0.0,0.0,0.0,0.0,0.0,0.0,99.4,0.6
20171208004252,0.0,0.0,0.0,0.0,0.0,0.0,99.8,0.2
20171208004322,0.0,0.0,0.0,0.0,0.0,0.0,99.6,0.4
20171208004352,0.0,0.0,0.0,0.0,0.0,0.0,99.4,0.6
20171208004422,0.0,0.0,0.0,0.0,0.0,0.0,99.7,0.3
20171208004452,0.0,0.0,0.0,0.0,0.0,0.0,99.4,0.5
20171208004522,0.0,0.0,0.0,0.2,0.0,0.0,97.7,2.0
20171208004552,0.0,0.0,0.0,0.1,0.0,0.0,98.2,1.7
20171208004622,0.0,0.0,0.0,0.1,0.1,0.0,94.0,5.8
20171208004652,0.0,0.0,0.0,0.1,0.0,0.0,96.1,3.8
20171208004722,0.0,0.0,0.0,0.1,0.0,0.0,97.5,2.4
20171208004752,0.0,0.0,0.0,0.3,0.0,0.0,98.5,1.2
20171208004822,0.0,0.0,0.0,0.1,0.0,0.0,99.4,0.5
20171208004852,0.0,0.0,0.0,0.0,0.0,0.0,99.2,0.8
20171208004922,0.0,0.0,0.0,0.1,0.0,0.0,96.6,3.3
20171208004952,0.0,0.0,0.0,0.1,0.0,0.0,98.0,1.9
20171208005022,0.0,0.0,0.0,0.0,0.0,0.0,99.2,0.7
20171208005052,0.0,0.0,0.0,0.0,0.0,0.0,99.0,0.9
20171208005122,0.0,0.0,0.0,0.0,0.0,0.0,99.2,0.7
20171208005152,0.0,0.0,0.0,0.0,0.0,0.0,99.2,0.8
20171208005222,0.0,0.0,0.0,0.0,0.1,0.0,98.8,1.1
20171208005252,0.0,0.0,0.0,0.0,0.0,0.0,98.8,1.1
20171208005322,0.0,0.0,0.0,0.0,0.1,0.0,99.5,0.4
20171208005352,0.0,0.0,0.0,0.0,0.0,0.0,99.8,0.2
20171208005422,0.0,0.0,0.0,0.0,0.0,0.0,99.7,0.2
20171208005452,0.0,0.0,0.0,0.0,0.0,0.0,99.7,0.3
20171208005522,0.0,0.0,0.0,0.0,0.0,0.0,98.8,1.1
20171208005552,0.0,0.0,0.0,0.0,0.0,0.0,97.5,2.5
20171208005622,0.0,0.0,0.0,0.0,0.0,0.0,97.9,2.1
20171208005652,0.0,0.0,0.0,0.0,0.1,0.0,95.9,4.0
20171208005722,0.0,0.0,0.0,0.0,0.0,0.0,96.8,3.1
20171208005752,0.0,0.0,0.0,0.0,0.0,0.0,98.3,1.7
20171208005822,0.0,0.0,0.0,0.0,0.0,0.0,97.0,3.0
20171208005852,0.0,0.0,0.0,0.0,0.0,0.0,97.6,2.3
20171208005922,0.0,0.0,0.0,0.0,0.0,0.0,95.2,4.8
20171208005952,0.0,0.0,0.0,0.0,0.0,0.0,93.5,6.4
20171208010022,0.0,0.0,0.0,0.0,0.0,0.0,96.0,3.9
20171208010052,0.0,0.0,0.0,0.0,0.0,0.0,98.5,1.5
20171208010122,0.0,0.0,0.0,0.0,0.0,0.0,97.6,2.3
20171208010152,0.0,0.0,0.0,0.1,0.2,0.0,84.0,15.7
20171208010222,0.0,0.0,0.0,0.1,0.6,0.0,90.7,8.6
20171208010252,0.0,0.0,0.0,0.2,0.4,0.0,81.8,17.6
20171208010322,0.0,0.0,0.0,0.1,0.1,0.0,91.3,8.5
20171208010352,0.0,0.0,0.0,0.1,0.2,0.0,97.6,2.2
20171208010422,0.0,0.0,0.0,0.1,0.3,0.0,97.7,2.0
20171208010452,0.0,0.0,0.0,0.0,0.1,0.0,97.5,2.4
20171208010523,0.0,0.0,0.0,0.0,0.2,0.0,97.1,2.7
20171208010553,0.0,0.0,0.0,0.1,0.1,0.0,95.4,4.4
20171208010623,0.0,0.0,0.0,0.0,0.0,0.0,96.1,3.8
20171208010653,0.0,0.0,0.0,0.0,0.0,0.0,96.6,3.4
20171208010723,0.0,0.0,0.0,0.0,0.0,0.0,96.4,3.5
20171208010753,0.0,0.0,0.0,0.0,0.1,0.0,98.3,1.6
20171208010823,0.0,0.0,0.0,0.0,0.0,0.0,99.6,0.3
20171208010853,0.0,0.0,0.0,0.0,0.1,0.0,97.9,2.0
20171208010923,0.0,0.0,0.0,0.1,0.1,0.0,96.4,3.4
20171208010953,0.0,0.0,0.0,0.1,0.1,0.0,94.7,5.1
20171208011023,0.0,0.0,0.0,0.1,0.4,0.0,92.6,7.0
20171208011053,0.0,0.0,0.0,0.0,0.4,0.0,92.1,7.5
20171208011123,0.0,0.0,0.0,0.1,0.3,0.0,91.7,7.9
20171208011153,0.0,0.0,0.0,0.0,0.2,0.0,89.9,9.8
20171208011223,0.0,0.0,0.0,0.1,0.1,0.0,91.5,8.3
20171208011253,0.0,0.0,0.0,0.0,0.1,0.0,96.3,3.6
20171208011323,0.0,0.0,0.0,0.1,0.1,0.0,94.0,5.9
20171208011353,0.0,0.0,0.0,0.0,0.1,0.0,97.9,2.0
20171208011423,0.0,0.0,0.0,0.0,0.0,0.0,98.1,1.9
20171208011453,0.0,0.0,0.0,0.2,0.4,0.0,87.4,12.0
20171208011523,0.0,0.0,0.0,0.1,0.0,0.0,98.6,1.4
20171208011553,0.0,0.0,0.0,0.1,0.1,0.0,97.9,1.9
20171208011623,0.0,0.0,0.0,0.1,0.4,0.0,76.1,23.4
20171208011653,0.0,0.0,0.0,0.1,0.2,0.0,93.9,5.8
20171208011723,0.0,0.0,0.0,0.1,0.1,0.0,96.1,3.7
20171208011753,0.0,0.0,0.0,0.1,0.2,0.0,93.0,6.7
20171208011823,0.0,0.0,0.0,0.1,0.1,0.0,94.8,5.0
20171208011853,0.0,0.0,0.0,0.2,0.1,0.0,96.3,3.5
20171208011923,0.0,0.0,0.0,0.3,0.3,0.0,89.6,9.8
20171208011953,0.0,0.0,0.0,0.1,0.3,0.0,96.7,2.9
20171208012023,0.0,0.0,0.0,0.1,0.2,0.0,92.0,7.7
20171208012053,0.0,0.0,0.0,0.1,0.3,0.0,85.1,14.5
20171208012123,0.0,0.0,0.0,0.1,0.1,0.0,85.4,14.3
20171208012153,0.0,0.0,0.0,0.1,0.4,0.0,84.6,14.9
20171208012223,0.0,0.0,0.0,0.1,0.3,0.0,82.7,16.8
20171208012253,0.0,0.0,0.0,0.0,0.1,0.0,94.0,5.9
20171208012323,0.0,0.0,0.0,0.1,0.1,0.0,93.6,6.3
20171208012353,0.0,0.0,0.0,0.0,0.1,0.0,95.3,4.5
20171208012423,0.0,0.0,0.0,0.1,0.1,0.0,92.4,7.5
20171208012453,0.0,0.0,0.0,0.2,0.3,0.0,74.2,25.4
20171208012523,0.0,0.0,0.0,0.1,0.1,0.0,82.0,17.8
20171208012553,0.0,0.0,0.0,0.1,0.2,0.0,81.2,18.4
20171208012623,0.0,0.0,0.0,0.0,0.1,0.0,75.5,24.4
20171208012653,0.0,0.0,0.0,0.0,0.1,0.0,88.3,11.6
20171208012723,0.0,0.0,0.0,0.1,0.2,0.0,90.3,9.5
20171208012753,0.0,0.0,0.0,0.0,0.0,0.0,95.4,4.6
20171208012823,0.0,0.0,0.0,0.0,0.1,0.0,89.1,10.8
20171208012853,0.0,0.0,0.0,0.1,0.2,0.0,85.4,14.3
20171208012923,0.0,0.0,0.0,0.1,0.2,0.0,79.1,20.6
20171208012953,0.0,0.0,0.0,0.1,0.1,0.0,89.4,10.4
20171208013023,0.0,0.0,0.0,0.0,0.1,0.0,94.4,5.5
20171208013053,0.0,0.0,0.0,0.1,0.1,0.0,93.5,6.3
20171208013123,0.0,0.0,0.0,0.1,0.2,0.0,90.9,8.9
20171208013153,0.0,0.0,0.0,0.3,0.2,0.0,82.8,16.7
20171208013223,0.0,0.0,0.0,0.2,0.4,0.0,73.9,25.4
20171208013253,0.0,0.0,0.0,0.0,0.1,0.0,91.8,8.1
20171208013323,0.0,0.0,0.0,0.0,0.1,0.0,95.0,4.9
20171208013353,0.0,0.0,0.0,0.1,0.1,0.0,76.7,23.1
20171208013423,0.0,0.0,0.0,0.2,0.0,0.0,83.0,16.8
20171208013453,0.0,0.0,0.0,0.2,0.1,0.0,80.5,19.2
20171208013523,0.0,0.0,0.0,0.5,0.2,0.0,60.9,38.4
20171208013553,0.0,0.0,0.0,0.1,0.2,0.0,92.6,7.2
20171208013623,0.0,0.0,0.0,0.1,0.2,0.0,93.3,6.4
20171208013653,0.0,0.0,0.0,0.1,0.1,0.0,96.1,3.7
20171208013723,0.0,0.0,0.0,0.4,0.4,0.0,94.4,4.8
20171208013753,0.0,0.0,0.0,0.0,0.1,0.0,98.3,1.6
20171208013823,0.0,0.0,0.0,0.2,0.5,0.0,90.6,8.7
20171208013853,0.0,0.0,0.0,0.6,0.9,0.0,81.7,16.8
20171208013923,0.0,0.0,0.0,0.1,0.4,0.0,80.9,18.7
20171208013954,0.0,0.0,0.0,0.2,0.2,0.0,69.2,30.4
20171208014024,0.0,0.0,0.0,0.2,0.4,0.0,70.4,29.0
20171208014054,0.0,0.0,0.0,0.2,0.8,0.0,63.1,35.8
20171208014124,0.0,0.0,0.0,0.1,0.3,0.0,89.9,9.7
20171208014154,0.0,0.0,0.0,0.1,0.1,0.0,90.6,9.3
20171208014224,0.0,0.0,0.0,0.3,0.6,0.0,69.8,29.2
20171208014254,0.0,0.0,0.0,0.4,0.7,0.0,70.9,28.1
20171208014324,0.0,0.0,0.0,0.1,0.2,0.0,84.9,14.8
20171208014354,0.0,0.0,0.0,0.3,0.2,0.0,66.5,33.0
20171208014424,0.0,0.0,0.0,0.2,0.1,0.0,86.4,13.3
20171208014454,0.0,0.0,0.0,0.0,0.1,0.0,97.9,2.0
20171208014524,0.0,0.0,0.0,0.0,0.1,0.0,98.3,1.5
20171208014554,0.0,0.0,0.0,0.0,0.2,0.0,84.1,15.7
20171208014624,0.0,0.0,0.0,0.1,0.2,0.0,82.1,17.6
20171208014654,0.0,0.0,0.0,0.1,0.1,0.0,94.0,5.9
20171208014724,0.0,0.0,0.0,0.1,0.1,0.0,95.9,3.9
20171208014754,0.0,0.0,0.0,0.1,0.4,0.0,90.4,9.1
20171208014824,0.0,0.0,0.0,0.0,0.1,0.0,98.6,1.2
20171208014854,0.0,0.0,0.0,0.0,0.1,0.0,97.4,2.5
20171208014924,0.0,0.0,0.0,0.0,1.2,0.0,96.4,2.4
20171208014954,0.0,0.0,0.0,0.1,1.5,0.0,92.9,5.5
20171208015024,0.0,0.0,0.0,0.3,0.1,0.0,82.6,17.0
20171208015054,0.0,0.0,0.0,0.4,0.2,0.0,75.4,23.9
20171208015124,0.0,0.0,0.0,0.5,0.1,0.0,79.7,19.7
20171208015154,0.0,0.0,0.0,0.7,0.1,0.0,68.3,30.9
20171208015224,0.0,0.0,0.0,0.4,0.2,0.0,76.1,23.3
20171208015254,0.0,0.0,0.0,0.1,0.1,0.0,77.5,22.3
20171208015324,0.0,0.0,0.0,0.1,0.1,0.0,94.0,5.8
20171208015354,0.0,0.0,0.0,0.1,0.2,0.0,95.3,4.4
20171208015424,0.0,0.0,0.0,0.1,0.2,0.0,94.3,5.4
20171208015454,0.0,0.0,0.0,0.1,0.0,0.0,97.0,2.9
20171208015524,0.0,0.0,0.0,0.0,0.1,0.0,96.4,3.5
20171208015554,0.0,0.0,0.0,0.0,0.0,0.0,99.0,0.9
20171208015624,0.0,0.0,0.0,0.1,0.1,0.0,97.8,2.1
20171208015654,0.0,0.0,0.0,0.0,0.2,0.0,98.0,1.8
20171208015724,0.0,0.0,0.0,0.0,0.0,0.0,99.2,0.8
20171208015754,0.0,0.0,0.0,0.0,0.2,0.0,97.8,2.0
20171208015824,0.0,0.0,0.0,0.0,0.2,0.0,99.0,0.8
20171208015854,0.0,0.0,0.0,0.0,0.2,0.0,98.3,1.5
20171208015924,0.0,0.0,0.0,0.1,0.2,0.0,98.7,1.0
20171208015954,0.0,0.0,0.0,0.5,1.7,0.0,92.5,5.2
20171208020024,0.0,0.0,0.0,0.1,0.1,0.0,98.7,1.1
20171208020054,0.0,0.0,0.0,0.1,0.9,0.0,96.4,2.5
20171208020124,0.0,0.0,0.0,0.1,0.5,0.0,90.1,9.2
20171208020154,0.0,0.0,0.0,0.3,0.3,0.0,90.5,8.9
20171208020224,0.0,0.0,0.0,0.1,0.7,0.0,96.5,2.7
20171208020254,0.0,0.0,0.0,0.1,0.6,0.0,96.3,3.0
20171208020324,0.0,0.0,0.0,0.0,0.2,0.0,99.3,0.6
20171208020354,0.0,0.0,0.0,0.0,0.0,0.0,99.0,1.0
20171208020424,0.0,0.0,0.0,0.0,0.1,0.0,99.5,0.4
20171208020454,0.0,0.0,0.0,0.0,0.0,0.0,99.7,0.2
20171208020524,0.0,0.0,0.0,0.0,0.2,0.0,99.3,0.5
20171208020554,0.0,0.0,0.0,0.0,0.2,0.0,99.0,0.8
20171208020624,0.0,0.0,0.0,0.1,0.2,0.0,97.1,2.6
20171208020655,0.0,0.0,0.0,0.0,0.0,0.0,99.8,0.1
20171208020725,0.0,0.0,0.0,0.0,0.0,0.0,99.7,0.3
20171208020755,0.0,0.0,0.0,0.0,0.1,0.0,99.8,0.1
20171208020825,0.0,0.0,0.0,0.0,0.1,0.0,99.7,0.2
20171208020855,0.0,0.0,0.0,0.1,0.2,0.0,99.1,0.7
20171208020925,0.0,0.0,0.0,0.0,0.2,0.0,98.9,0.8
20171208020955,0.0,0.0,0.0,0.0,0.0,0.0,99.7,0.2
20171208021025,0.0,0.0,0.0,0.1,0.2,0.0,98.1,1.7
20171208021055,0.0,0.0,0.0,0.1,1.3,0.0,90.8,7.7
20171208021125,0.0,0.0,0.0,0.0,0.2,0.0,97.4,2.4
20171208021155,0.0,0.0,0.0,0.0,0.4,0.0,97.1,2.4
20171208021225,0.0,0.0,0.0,0.0,0.0,0.0,99.2,0.8
20171208021255,0.0,0.0,0.0,0.0,0.1,0.0,99.6,0.3
20171208021325,0.0,0.0,0.0,0.0,0.7,0.0,98.2,1.1
20171208021355,0.0,0.0,0.0,0.2,2.2,0.0,95.2,2.5
20171208021425,0.0,0.0,0.0,0.1,1.6,0.0,96.5,1.8
20171208021455,0.0,0.0,0.0,0.0,0.2,0.0,99.2,0.6
20171208021525,0.0,0.0,0.0,0.0,0.1,0.0,99.8,0.2
20171208021555,0.0,0.0,0.0,0.0,0.1,0.0,99.8,0.1
20171208021625,0.0,0.0,0.0,0.0,0.0,0.0,99.9,0.1
20171208021655,0.0,0.0,0.0,0.0,0.2,0.0,99.1,0.7
20171208021725,0.0,0.0,0.0,0.0,0.1,0.0,98.3,1.6
20171208021755,0.0,0.0,0.0,0.0,0.1,0.0,99.5,0.4
20171208021825,0.0,0.0,0.0,0.0,0.2,0.0,99.2,0.6
20171208021855,0.0,0.0,0.0,0.0,0.2,0.0,99.4,0.4
20171208021925,0.0,0.0,0.0,0.0,0.3,0.0,99.5,0.2
20171208021955,0.0,0.0,0.0,0.0,0.3,0.0,98.9,0.7
20171208022025,0.0,0.0,0.0,0.0,0.1,0.0,99.6,0.3
20171208022055,0.0,0.0,0.0,0.0,0.2,0.0,99.3,0.6
20171208022125,0.0,0.0,0.0,0.0,0.0,0.0,99.4,0.5
20171208022155,0.0,0.0,0.0,0.0,0.2,0.0,98.6,1.2
20171208022225,0.0,0.0,0.0,0.0,0.2,0.0,97.6,2.1
20171208022255,0.0,0.0,0.0,0.0,0.2,0.0,97.9,1.9
20171208022325,0.0,0.0,0.0,0.1,0.3,0.0,98.8,0.8
20171208022355,0.0,0.0,0.0,0.0,0.2,0.0,98.9,0.8
20171208022425,0.0,0.0,0.0,0.0,0.2,0.0,98.2,1.6
20171208022455,0.0,0.0,0.0,0.1,0.0,0.0,99.4,0.5
20171208022525,0.0,0.0,0.0,0.0,0.1,0.0,99.6,0.3
20171208022555,0.0,0.0,0.0,0.0,0.1,0.0,99.4,0.5
20171208022625,0.0,0.0,0.0,0.0,0.1,0.0,99.7,0.2
20171208022655,0.0,0.0,0.0,0.1,0.4,0.0,98.4,1.1
20171208022725,0.0,0.0,0.0,0.0,0.0,0.0,99.6,0.3
20171208022755,0.0,0.0,0.0,0.0,0.1,0.0,99.7,0.3
20171208022825,0.0,0.0,0.0,0.0,0.1,0.0,98.2,1.7
20171208022855,0.0,0.0,0.0,0.0,0.0,0.0,99.3,0.7
20171208022925,0.0,0.0,0.0,0.0,0.1,0.0,99.6,0.4
20171208022955,0.0,0.0,0.0,0.0,0.1,0.0,99.7,0.2
20171208023025,0.0,0.0,0.0,0.0,0.1,0.0,99.1,0.8
20171208023055,0.0,0.0,0.0,0.1,0.2,0.0,93.2,6.5
20171208023125,0.0,0.0,0.0,0.0,0.2,0.0,95.5,4.3
20171208023155,0.0,0.0,0.0,0.0,0.1,0.0,99.6,0.4
20171208023225,0.0,0.0,0.0,0.0,0.0,0.0,99.6,0.4
20171208023255,0.0,0.0,0.0,0.0,0.2,0.0,99.4,0.4
20171208023325,0.0,0.0,0.0,0.0,0.0,0.0,99.7,0.3
20171208023355,0.0,0.0,0.0,0.0,0.1,0.0,98.9,1.0
20171208023425,0.0,0.0,0.0,0.1,0.0,0.0,98.9,1.0
20171208023455,0.0,0.0,0.0,0.1,0.1,0.0,95.8,3.9
20171208023525,0.0,0.0,0.0,0.2,0.1,0.0,98.1,1.6
20171208023555,0.0,0.0,0.0,0.0,0.1,0.0,98.7,1.2
20171208023625,0.0,0.0,0.0,0.1,0.2,0.0,97.9,1.8
20171208023655,0.0,0.0,0.0,0.0,0.1,0.0,98.9,1.0
20171208023725,0.0,0.0,0.0,0.0,0.2,0.0,97.9,1.9
20171208023755,0.0,0.0,0.0,0.2,0.4,0.0,95.1,4.3
20171208023825,0.0,0.0,0.0,0.1,0.2,0.0,95.3,4.4
20171208023855,0.0,0.0,0.0,0.0,0.1,0.0,99.5,0.4
20171208023925,0.0,0.0,0.0,0.0,0.1,0.0,99.2,0.7
20171208023955,0.0,0.0,0.0,0.0,0.0,0.0,99.2,0.7
20171208024025,0.0,0.0,0.0,0.0,0.0,0.0,98.3,1.6
20171208024055,0.0,0.0,0.0,0.1,0.2,0.0,96.1,3.6
20171208024126,0.0,0.0,0.0,0.0,0.1,0.0,98.7,1.2
20171208024156,0.0,0.0,0.0,0.0,0.4,0.0,98.4,1.2
20171208024226,0.0,0.0,0.0,0.0,0.2,0.0,98.4,1.4
20171208024256,0.0,0.0,0.0,0.0,0.0,0.0,99.7,0.2
20171208024326,0.0,0.0,0.0,0.1,0.1,0.0,97.5,2.3
20171208024356,0.0,0.0,0.0,0.0,0.0,0.0,99.7,0.2
20171208024426,0.0,0.0,0.0,0.1,0.0,0.0,98.9,1.0
20171208024456,0.0,0.0,0.0,0.0,0.0,0.0,99.5,0.5
20171208024526,0.0,0.0,0.0,0.0,0.0,0.0,99.4,0.6
20171208024556,0.0,0.0,0.0,0.1,0.1,0.0,96.7,3.2
20171208024626,0.0,0.0,0.0,0.0,0.1,0.0,99.0,0.9
20171208024656,0.0,0.0,0.0,0.1,0.1,0.0,98.8,1.1
20171208024726,0.0,0.0,0.0,0.1,0.0,0.0,99.3,0.6
20171208024756,0.0,0.0,0.0,0.1,0.0,0.0,99.3,0.6
20171208024826,0.0,0.0,0.0,0.0,0.0,0.0,99.4,0.5
20171208024856,0.0,0.0,0.0,0.0,0.0,0.0,98.2,1.8
20171208024926,0.0,0.0,0.0,0.0,0.2,0.0,97.4,2.3
20171208024956,0.0,0.0,0.0,0.0,0.3,0.0,97.2,2.5
20171208025026,0.0,0.0,0.0,0.2,0.1,0.0,98.1,1.6
20171208025056,0.0,0.0,0.0,0.1,0.0,0.0,99.7,0.3
20171208025126,0.0,0.0,0.0,0.0,0.0,0.0,99.8,0.2
20171208025156,0.0,0.0,0.0,0.0,0.1,0.0,99.7,0.2
20171208025226,0.0,0.0,0.0,0.1,0.2,0.0,97.9,1.8
20171208025256,0.0,0.0,0.0,0.1,0.1,0.0,98.9,1.0
20171208025326,0.0,0.0,0.0,0.0,0.1,0.0,99.6,0.3
20171208025356,0.0,0.0,0.0,0.0,0.1,0.0,99.7,0.1
20171208025426,0.0,0.0,0.0,0.0,0.1,0.0,99.8,0.1
20171208025456,0.0,0.0,0.0,0.1,0.1,0.0,98.6,1.2
20171208025526,0.0,0.0,0.0,0.1,0.3,0.0,99.1,0.5
20171208025556,0.0,0.0,0.0,0.1,0.2,0.0,99.2,0.5
20171208025626,0.0,0.0,0.0,0.0,0.1,0.0,99.4,0.5
20171208025656,0.0,0.0,0.0,0.0,0.1,0.0,99.5,0.4
20171208025726,0.0,0.0,0.0,0.0,0.1,0.0,99.3,0.6
20171208025756,0.0,0.0,0.0,0.1,0.1,0.0,98.7,1.1
20171208025826,0.0,0.0,0.0,0.1,0.1,0.0,99.3,0.5
20171208025856,0.0,0.0,0.0,0.1,0.0,0.0,99.2,0.8
20171208025926,0.0,0.0,0.0,0.0,0.0,0.0,99.4,0.5
20171208025956,0.0,0.0,0.0,0.1,0.1,0.0,99.2,0.7
20171208030026,0.0,0.0,0.0,0.3,0.1,0.0,98.9,0.6
20171208030056,0.0,0.0,0.0,0.1,0.1,0.0,99.4,0.4
20171208030126,0.0,0.0,0.0,0.0,0.1,0.0,99.3,0.6
20171208030156,0.0,0.0,0.0,0.0,0.0,0.0,99.5,0.4
20171208030226,0.0,0.0,0.0,0.0,0.1,0.0,99.7,0.3
20171208030256,0.0,0.0,0.0,0.1,0.1,0.0,99.1,0.7
20171208030326,0.0,0.0,0.0,0.0,0.0,0.0,99.3,0.7
20171208030356,0.0,0.0,0.0,0.1,0.1,0.0,99.0,0.9
20171208030426,0.0,0.0,0.0,0.1,0.2,0.0,98.7,1.0
20171208030456,0.0,0.0,0.0,0.0,0.0,0.0,99.5,0.5
20171208030526,0.0,0.0,0.0,0.1,0.1,0.0,99.3,0.6
20171208030556,0.0,0.0,0.0,0.1,0.1,0.0,98.1,1.6
20171208030626,0.0,0.0,0.0,0.2,0.3,0.0,95.9,3.6
20171208030656,0.0,0.0,0.0,0.1,0.1,0.0,98.6,1.2
20171208030726,0.0,0.0,0.0,0.1,0.1,0.0,99.2,0.6
20171208030756,0.0,0.0,0.0,0.0,0.0,0.0,99.2,0.8
20171208030826,0.0,0.0,0.0,0.1,0.0,0.0,99.1,0.7
20171208030856,0.0,0.0,0.0,0.0,0.0,0.0,99.1,0.8
20171208030926,0.0,0.0,0.0,0.1,0.0,0.0,98.7,1.1
20171208030956,0.0,0.0,0.0,0.0,0.0,0.0,99.7,0.3
20171208031026,0.0,0.0,0.0,0.0,0.0,0.0,99.3,0.6
20171208031056,0.0,0.0,0.0,0.1,0.2,0.0,98.5,1.2
20171208031126,0.0,0.0,0.0,0.0,0.0,0.0,99.4,0.5
20171208031156,0.0,0.0,0.0,0.0,0.0,0.0,99.3,0.6
20171208031226,0.0,0.0,0.0,0.1,0.1,0.0,97.7,2.1
20171208031256,0.0,0.0,0.0,0.2,0.1,0.0,98.6,1.1
20171208031326,0.0,0.0,0.0,0.1,0.1,0.0,97.0,2.7
20171208031356,0.0,0.0,0.0,0.1,0.2,0.0,97.5,2.2
20171208031426,0.0,0.0,0.0,0.1,0.1,0.0,97.4,2.4
20171208031456,0.0,0.0,0.0,0.1,0.1,0.0,97.8,2.1
20171208031527,0.0,0.0,0.0,0.2,0.1,0.0,97.7,2.1
20171208031557,0.0,0.0,0.0,0.2,0.0,0.0,95.5,4.2
20171208031627,0.0,0.0,0.0,0.0,0.0,0.0,97.3,2.6
20171208031657,0.0,0.0,0.0,0.1,0.0,0.0,98.2,1.7
20171208031727,0.0,0.0,0.0,0.1,0.0,0.0,98.4,1.6
20171208031757,0.0,0.0,0.0,0.0,0.0,0.0,97.6,2.3
20171208031827,0.0,0.0,0.0,0.3,0.0,0.0,91.7,8.0
20171208031857,0.0,0.0,0.0,0.1,0.0,0.0,96.0,3.8
20171208031927,0.0,0.0,0.0,0.0,0.0,0.0,98.9,1.1
20171208031957,0.0,0.0,0.0,0.1,0.1,0.0,95.7,4.1
20171208032027,0.0,0.0,0.0,0.0,0.1,0.0,98.2,1.7
20171208032057,0.0,0.0,0.0,0.0,0.1,0.0,99.6,0.3
20171208032127,0.0,0.0,0.0,0.0,0.1,0.0,99.2,0.7
20171208032157,0.0,0.0,0.0,0.0,0.1,0.0,98.9,0.9
20171208032227,0.0,0.0,0.0,0.1,0.1,0.0,99.3,0.5
20171208032257,0.0,0.0,0.0,0.0,0.0,0.0,99.7,0.2
20171208032327,0.0,0.0,0.0,0.0,0.0,0.0,99.4,0.5
20171208032357,0.0,0.0,0.0,0.0,0.0,0.0,99.1,0.9
20171208032427,0.0,0.0,0.0,0.0,0.1,0.0,99.2,0.7
20171208032457,0.0,0.0,0.0,0.0,0.0,0.0,99.9,0.1
20171208032527,0.0,0.0,0.0,0.0,0.1,0.0,98.5,1.4
20171208032557,0.0,0.0,0.0,0.0,0.0,0.0,99.5,0.5
20171208032627,0.0,0.0,0.0,0.1,0.0,0.0,98.1,1.8
20171208032657,0.0,0.0,0.0,0.0,0.1,0.0,98.6,1.3
20171208032727,0.0,0.0,0.0,0.0,0.1,0.0,98.9,1.1
20171208032757,0.0,0.0,0.0,0.0,0.1,0.0,98.8,1.1
20171208032827,0.0,0.0,0.0,0.0,0.2,0.0,99.1,0.7
20171208032857,0.0,0.0,0.0,0.1,0.1,0.0,99.3,0.5
20171208032927,0.0,0.0,0.0,0.0,0.1,0.0,99.0,0.9
20171208032957,0.0,0.0,0.0,0.0,0.0,0.0,99.5,0.5
20171208033027,0.0,0.0,0.0,0.1,0.1,0.0,97.9,2.0
20171208033057,0.0,0.0,0.0,0.0,0.1,0.0,99.3,0.6
20171208033127,0.0,0.0,0.0,0.0,0.0,0.0,99.4,0.5
20171208033157,0.0,0.0,0.0,0.0,0.0,0.0,99.8,0.2
20171208033227,0.0,0.0,0.0,0.0,0.0,0.0,99.6,0.3
20171208033257,0.0,0.0,0.0,0.0,0.0,0.0,99.8,0.2
20171208033327,0.0,0.0,0.0,0.1,0.0,0.0,98.3,1.6
20171208033357,0.0,0.0,0.0,0.0,0.0,0.0,99.2,0.8
20171208033427,0.0,0.0,0.0,0.0,0.0,0.0,99.7,0.3
20171208033457,0.0,0.0,0.0,0.0,0.0,0.0,99.7,0.2
20171208033527,0.0,0.0,0.0,0.0,0.1,0.0,99.6,0.3
20171208033557,0.0,0.0,0.0,0.0,0.0,0.0,99.7,0.2
20171208033627,0.0,0.0,0.0,0.0,0.0,0.0,98.8,1.2
20171208033657,0.0,0.0,0.0,0.1,0.0,0.0,99.3,0.6
20171208033727,0.0,0.0,0.0,0.1,0.0,0.0,98.9,1.0
20171208033757,0.0,0.0,0.0,0.0,0.0,0.0,99.1,0.8
20171208033827,0.0,0.0,0.0,0.0,0.0,0.0,98.7,1.2
20171208033857,0.0,0.0,0.0,0.0,0.0,0.0,99.8,0.2
20171208033927,0.0,0.0,0.0,0.0,0.0,0.0,99.7,0.2
20171208033957,0.0,0.0,0.0,0.0,0.0,0.0,99.1,0.8
20171208034027,0.0,0.0,0.0,0.0,0.0,0.0,99.6,0.4
20171208034057,0.0,0.0,0.0,0.0,0.0,0.0,99.0,0.9
20171208034127,0.0,0.0,0.0,0.0,0.1,0.0,98.2,1.6
20171208034157,0.0,0.0,0.0,0.0,0.1,0.0,99.2,0.7
20171208034227,0.0,0.0,0.0,0.0,0.1,0.0,98.8,1.0
20171208034257,0.0,0.0,0.0,0.0,0.1,0.0,99.2,0.7
20171208034327,0.0,0.0,0.0,0.0,0.1,0.0,99.6,0.3
20171208034357,0.0,0.0,0.0,0.0,0.2,0.0,99.0,0.8
20171208034427,0.0,0.0,0.0,0.1,0.4,0.0,97.5,2.1
20171208034457,0.0,0.0,0.0,0.0,0.2,0.0,98.6,1.2
20171208034527,0.0,0.0,0.0,0.0,0.1,0.0,99.6,0.3
20171208034557,0.0,0.0,0.0,0.0,0.1,0.0,98.9,1.0
20171208034627,0.0,0.0,0.0,0.0,0.0,0.0,99.7,0.2
20171208034657,0.0,0.0,0.0,0.0,0.1,0.0,99.5,0.4
20171208034727,0.0,0.0,0.0,0.0,0.1,0.0,99.2,0.7
20171208034757,0.0,0.0,0.0,0.0,0.1,0.0,99.0,0.9
20171208034827,0.0,0.0,0.0,0.0,0.0,0.0,99.0,0.9
20171208034857,0.0,0.0,0.0,0.0,0.0,0.0,99.2,0.7
20171208034927,0.0,0.0,0.0,0.1,0.1,0.0,98.5,1.3
20171208034958,0.0,0.0,0.0,0.0,0.0,0.0,99.7,0.2
20171208035028,0.0,0.0,0.0,0.0,0.0,0.0,99.4,0.6
20171208035058,0.0,0.0,0.0,0.0,0.1,0.0,99.2,0.6
20171208035128,0.0,0.0,0.0,0.0,0.3,0.0,98.4,1.2
20171208035158,0.0,0.0,0.0,0.1,0.3,0.0,98.9,0.8
20171208035228,0.0,0.0,0.0,0.0,0.1,0.0,98.3,1.6
20171208035258,0.0,0.0,0.0,0.1,0.5,0.0,98.0,1.4
20171208035328,0.0,0.0,0.0,0.0,0.1,0.0,98.9,1.0
20171208035358,0.0,0.0,0.0,0.0,0.1,0.0,99.2,0.7
20171208035428,0.0,0.0,0.0,0.0,0.1,0.0,99.2,0.7
20171208035458,0.0,0.0,0.0,0.0,0.1,0.0,99.0,0.9
20171208035528,0.0,0.0,0.0,0.0,0.1,0.0,99.4,0.5
20171208035558,0.0,0.0,0.0,0.0,0.2,0.0,97.1,2.7
20171208035628,0.0,0.0,0.0,0.1,0.3,0.0,97.7,2.0
20171208035658,0.0,0.0,0.0,0.0,0.0,0.0,99.5,0.4
20171208035728,0.0,0.0,0.0,0.0,0.1,0.0,99.7,0.3
20171208035758,0.0,0.0,0.0,0.0,0.0,0.0,99.2,0.8
20171208035828,0.0,0.0,0.0,0.0,0.0,0.0,98.0,2.0
20171208035858,0.0,0.0,0.0,0.0,0.0,0.0,98.8,1.1
20171208035928,0.0,0.0,0.0,0.0,0.1,0.0,98.8,1.1
20171208035958,0.0,0.0,0.0,0.0,0.4,0.0,97.6,2.0
20171208040028,0.0,0.0,0.0,0.0,0.2,0.0,98.0,1.7
20171208040058,0.0,0.0,0.0,0.0,0.1,0.0,99.0,0.9
20171208040128,0.0,0.0,0.0,0.0,0.0,0.0,99.7,0.3
20171208040158,0.0,0.0,0.0,0.0,0.1,0.0,99.3,0.6
20171208040228,0.0,0.0,0.0,0.0,0.4,0.0,97.3,2.2
20171208040258,0.0,0.0,0.0,0.0,0.1,0.0,99.2,0.7
20171208040328,0.0,0.0,0.0,0.0,0.1,0.0,97.8,2.0
20171208040358,0.0,0.0,0.0,0.0,0.1,0.0,99.0,0.9
20171208040428,0.0,0.0,0.0,0.0,0.1,0.0,92.2,7.7
20171208040458,0.0,0.0,0.0,0.1,0.1,0.0,96.0,3.9
20171208040528,0.0,0.0,0.0,0.0,0.1,0.0,96.7,3.2
20171208040558,0.0,0.0,0.0,0.0,0.0,0.0,98.3,1.6
20171208040628,0.0,0.0,0.0,0.0,0.0,0.0,94.5,5.5
20171208040658,0.0,0.0,0.0,0.0,0.1,0.0,97.2,2.7
20171208040728,0.0,0.0,0.0,0.0,0.0,0.0,98.6,1.3
20171208040758,0.0,0.0,0.0,0.1,0.0,0.0,96.5,3.4
20171208040828,0.0,0.0,0.0,0.1,0.1,0.0,96.0,3.9
20171208040858,0.0,0.0,0.0,0.1,0.1,0.0,96.2,3.6
20171208040928,0.0,0.0,0.0,0.0,0.1,0.0,96.3,3.6
20171208040958,0.0,0.0,0.0,0.0,0.1,0.0,96.3,3.6
20171208041028,0.0,0.0,0.0,0.0,0.1,0.0,96.2,3.7
20171208041058,0.0,0.0,0.0,0.0,0.1,0.0,96.4,3.5
20171208041128,0.0,0.0,0.0,0.0,0.0,0.0,99.2,0.8
20171208041158,0.0,0.0,0.0,0.0,0.1,0.0,96.6,3.3
20171208041228,0.0,0.0,0.0,0.1,0.2,0.0,94.5,5.2
20171208041258,0.0,0.0,0.0,0.0,0.1,0.0,95.7,4.1
20171208041328,0.0,0.0,0.0,0.0,0.0,0.0,97.9,2.0
20171208041358,0.0,0.0,0.0,0.0,0.1,0.0,98.6,1.4
20171208041428,0.0,0.0,0.0,0.0,0.1,0.0,98.0,1.9
20171208041458,0.0,0.0,0.0,0.0,0.1,0.0,98.5,1.4
20171208041528,0.0,0.0,0.0,0.0,0.1,0.0,99.1,0.8
20171208041558,0.0,0.0,0.0,0.0,0.1,0.0,97.8,2.1
20171208041628,0.0,0.0,0.0,0.0,0.1,0.0,98.4,1.5
20171208041659,0.0,0.0,0.0,0.0,0.1,0.0,98.8,1.1
20171208041729,0.0,0.0,0.0,0.0,0.1,0.0,99.5,0.5
20171208041759,0.0,0.0,0.0,0.0,0.1,0.0,99.6,0.3
20171208041829,0.0,0.0,0.0,0.0,0.2,0.0,99.4,0.3
20171208041859,0.0,0.0,0.0,0.0,0.1,0.0,99.0,0.8
20171208041929,0.0,0.0,0.0,0.0,0.1,0.0,99.4,0.5
20171208041959,0.0,0.0,0.0,0.0,0.0,0.0,99.8,0.2
20171208042029,0.0,0.0,0.0,0.0,0.0,0.0,99.8,0.2
20171208042059,0.0,0.0,0.0,0.1,0.1,0.0,99.7,0.2
20171208042129,0.0,0.0,0.0,0.0,0.1,0.0,98.1,1.8
20171208042159,0.0,0.0,0.0,0.0,0.0,0.0,99.3,0.6
20171208042229,0.0,0.0,0.0,0.0,0.0,0.0,99.1,0.8
20171208042259,0.0,0.0,0.0,0.0,0.0,0.0,99.5,0.4
20171208042329,0.0,0.0,0.0,0.0,0.0,0.0,99.9,0.0
20171208042359,0.0,0.0,0.0,0.0,0.0,0.0,99.9,0.1
20171208042429,0.0,0.0,0.0,0.0,0.0,0.0,99.8,0.1
20171208042459,0.0,0.0,0.0,0.0,0.0,0.0,99.5,0.5
20171208042529,0.0,0.0,0.0,0.0,0.0,0.0,95.8,4.1
20171208042559,0.0,0.0,0.0,0.1,0.0,0.0,96.5,3.5
20171208042629,0.0,0.0,0.0,0.0,0.0,0.0,99.0,1.0
20171208042659,0.0,0.0,0.0,0.0,0.0,0.0,98.6,1.3
20171208042729,0.0,0.0,0.0,0.0,0.0,0.0,99.2,0.8
20171208042759,0.0,0.0,0.0,0.0,0.0,0.0,98.0,1.9
20171208042829,0.0,0.0,0.0,0.0,0.1,0.0,98.6,1.3
20171208042859,0.0,0.0,0.0,0.0,0.0,0.0,97.4,2.6
20171208042929,0.0,0.0,0.0,0.0,0.0,0.0,99.1,0.8
20171208042959,0.0,0.0,0.0,0.0,0.0,0.0,99.3,0.6
20171208043029,0.0,0.0,0.0,0.0,0.0,0.0,99.5,0.5
20171208043059,0.0,0.0,0.0,0.2,0.0,0.0,95.0,4.7
20171208043129,0.0,0.0,0.0,0.1,0.1,0.0,96.4,3.5
20171208043159,0.0,0.0,0.0,0.0,0.0,0.0,98.5,1.4
20171208043229,0.0,0.0,0.0,0.0,0.0,0.0,98.7,1.2
20171208043259,0.0,0.0,0.0,0.1,0.0,0.0,96.0,3.9
20171208043329,0.0,0.0,0.0,0.0,0.0,0.0,96.7,3.2
20171208043359,0.0,0.0,0.0,0.0,0.0,0.0,98.5,1.5
20171208043429,0.0,0.0,0.0,0.0,0.0,0.0,96.3,3.7
20171208043459,0.0,0.0,0.0,0.0,0.0,0.0,99.5,0.5
20171208043529,0.0,0.0,0.0,0.1,0.1,0.0,96.0,3.8
20171208043559,0.0,0.0,0.0,0.2,0.0,0.0,93.1,6.7
20171208043629,0.0,0.0,0.0,0.1,0.0,0.0,90.2,9.7
20171208043659,0.0,0.0,0.0,0.1,0.1,0.0,90.2,9.7
20171208043729,0.0,0.0,0.0,0.0,0.0,0.0,93.8,6.1
20171208043759,0.0,0.0,0.0,0.0,0.0,0.0,95.2,4.8
20171208043829,0.0,0.0,0.0,0.0,0.1,0.0,92.1,7.8
20171208043859,0.0,0.0,0.0,0.0,0.0,0.0,98.6,1.4
20171208043929,0.0,0.0,0.0,0.0,0.0,0.0,99.1,0.9
20171208043959,0.0,0.0,0.0,0.1,0.0,0.0,96.6,3.2
20171208044029,0.0,0.0,0.0,0.1,0.1,0.0,98.2,1.7
20171208044059,0.0,0.0,0.0,0.0,0.0,0.0,98.2,1.7
20171208044129,0.0,0.0,0.0,0.0,0.0,0.0,98.7,1.3
20171208044159,0.0,0.0,0.0,0.0,0.0,0.0,98.0,1.9
20171208044229,0.0,0.0,0.0,0.0,0.0,0.0,98.9,1.1
20171208044259,0.0,0.0,0.0,0.0,0.0,0.0,97.4,2.5
20171208044329,0.0,0.0,0.0,0.0,0.0,0.0,98.1,1.8
20171208044359,0.0,0.0,0.0,0.0,0.0,0.0,99.0,1.0
20171208044429,0.0,0.0,0.0,0.0,0.0,0.0,98.1,1.8
20171208044459,0.0,0.0,0.0,0.0,0.1,0.0,98.5,1.4
20171208044529,0.0,0.0,0.0,0.2,0.2,0.0,94.8,4.7
20171208044559,0.0,0.0,0.0,0.0,0.0,0.0,98.8,1.1
20171208044629,0.0,0.0,0.0,0.0,0.1,0.0,96.5,3.4
20171208044659,0.0,0.0,0.0,0.0,0.3,0.0,88.0,11.6
20171208044729,0.0,0.0,0.0,0.0,0.0,0.0,96.5,3.4
20171208044759,0.0,0.0,0.0,0.0,0.0,0.0,98.0,1.9
20171208044830,0.0,0.0,0.0,0.0,0.1,0.0,96.2,3.7
20171208044859,0.0,0.0,0.0,0.0,0.1,0.0,98.4,1.5
20171208044929,0.0,0.0,0.0,0.0,0.2,0.0,97.6,2.2
20171208044959,0.0,0.0,0.0,0.0,0.1,0.0,97.3,2.6
20171208045029,0.0,0.0,0.0,0.0,0.0,0.0,96.8,3.2
20171208045059,0.0,0.0,0.0,0.0,0.1,0.0,97.3,2.6
20171208045130,0.0,0.0,0.0,0.0,0.1,0.0,97.3,2.6
20171208045200,0.0,0.0,0.0,0.0,0.0,0.0,97.2,2.7
20171208045230,0.0,0.0,0.0,0.1,0.0,0.0,93.0,6.9
20171208045300,0.0,0.0,0.0,0.0,0.0,0.0,91.6,8.3
20171208045330,0.0,0.0,0.0,0.0,0.0,0.0,98.7,1.2
20171208045400,0.0,0.0,0.0,0.0,0.2,0.0,94.2,5.6
20171208045430,0.0,0.0,0.0,0.1,0.2,0.0,80.1,19.6
20171208045500,0.0,0.0,0.0,0.0,0.0,0.0,96.4,3.6
20171208045530,0.0,0.0,0.0,0.1,0.1,0.0,91.7,8.1
20171208045600,0.0,0.0,0.0,0.1,0.3,0.0,89.9,9.6
20171208045630,0.0,0.0,0.0,0.1,0.2,0.0,91.5,8.2
20171208045700,0.0,0.0,0.0,0.0,0.1,0.0,97.7,2.2
20171208045730,0.0,0.0,0.0,0.0,0.1,0.0,96.6,3.3
20171208045800,0.0,0.0,0.0,0.0,0.1,0.0,98.6,1.3
20171208045830,0.0,0.0,0.0,0.0,0.1,0.0,97.8,2.0
20171208045900,0.0,0.0,0.0,0.0,0.2,0.0,92.5,7.2
20171208045930,0.0,0.0,0.0,0.0,0.2,0.0,97.6,2.1
20171208050000,0.0,0.0,0.0,0.2,0.6,0.0,87.8,11.5
20171208050030,0.0,0.0,0.0,0.1,0.2,0.0,84.8,14.9
20171208050100,0.0,0.0,0.0,0.1,0.1,0.0,88.4,11.4
20171208050130,0.0,0.0,0.0,0.1,0.4,0.0,87.3,12.2
20171208050200,0.0,0.0,0.0,0.1,0.3,0.0,79.8,19.7
20171208050230,0.0,0.0,0.0,0.2,0.1,0.0,94.3,5.4
20171208050300,0.0,0.0,0.0,0.5,0.1,0.0,87.7,11.7
20171208050610,0.0,0.0,0.0,0.4,0.1,0.0,83.3,16.2
20171208050640,0.0,0.0,0.0,0.3,0.1,0.0,84.5,15.1
20171208050710,0.0,0.0,0.0,1.0,0.2,0.0,69.2,29.6
20171208050740,0.0,0.0,0.0,0.9,0.1,0.0,76.7,22.3
20171208050810,0.0,0.0,0.0,0.8,0.2,0.0,83.9,15.1
20171208050840,0.0,0.0,0.0,0.3,0.1,0.0,71.7,27.9
20171208050910,0.0,0.0,0.0,0.2,0.1,0.0,78.4,21.4
20171208050940,0.0,0.0,0.0,0.1,0.0,0.0,94.9,5.0
20171208051010,0.0,0.0,0.0,0.6,0.2,0.0,73.7,25.4
20171208051040,0.0,0.0,0.0,0.9,0.1,0.0,67.8,31.2
20171208051110,0.0,0.0,0.0,0.2,0.1,0.0,90.0,9.8
20171208051140,0.0,0.0,0.0,0.1,0.2,0.0,85.3,14.5
20171208051210,0.0,0.0,0.0,0.0,0.0,0.0,94.9,5.0
20171208051240,0.0,0.0,0.0,0.2,0.1,0.0,94.6,5.1
20171208051310,0.0,0.0,0.0,0.1,0.1,0.0,85.4,14.5
20171208051340,0.0,0.0,0.0,0.3,0.4,0.0,65.3,34.0
20171208051410,0.0,0.0,0.0,0.1,0.3,0.0,92.9,6.7
20171208051440,0.0,0.0,0.0,0.4,0.6,0.0,77.0,21.9
20171208051510,0.0,0.0,0.0,0.2,0.2,0.0,81.7,17.9
20171208051540,0.0,0.0,0.0,0.8,0.2,0.0,40.6,58.4
20171208051610,0.0,0.0,0.0,1.2,0.4,0.0,71.4,26.9
20171208051640,0.0,0.0,0.0,0.9,0.3,0.0,65.1,33.7
20171208051710,0.0,0.0,0.0,0.7,0.2,0.0,85.8,13.2
20171208051740,0.0,0.0,0.0,0.3,0.4,0.0,88.2,11.1
20171208051810,0.0,0.0,0.0,0.4,0.4,0.0,76.3,22.9
20171208051840,0.0,0.0,0.0,0.4,0.1,0.0,92.5,7.0
20171208051910,0.0,0.0,0.0,0.1,0.1,0.0,90.2,9.6
20171208051940,0.0,0.0,0.0,0.1,0.0,0.0,97.1,2.8
20171208052010,0.0,0.0,0.0,0.1,0.0,0.0,96.5,3.4
20171208052040,0.0,0.0,0.0,0.0,0.0,0.0,96.2,3.7
20171208052110,0.0,0.0,0.0,0.0,0.1,0.0,95.9,4.0
20171208052140,0.0,0.0,0.0,0.0,0.1,0.0,95.1,4.7
20171208052210,0.0,0.0,0.0,0.1,0.1,0.0,93.4,6.5
20171208052240,0.0,0.0,0.0,0.2,0.1,0.0,81.2,18.5
20171208052311,0.0,0.0,0.0,0.3,0.1,0.0,82.7,16.8
20171208052341,0.0,0.0,0.0,0.1,0.1,0.0,84.8,15.0
20171208052411,0.0,0.0,0.0,0.1,0.1,0.0,95.6,4.1
20171208052441,0.0,0.0,0.0,0.3,0.2,0.0,94.8,4.7
20171208052511,0.0,0.0,0.0,0.1,0.1,0.0,97.5,2.3
20171208052541,0.0,0.0,0.0,0.1,0.2,0.0,95.9,3.7
20171208052611,0.0,0.0,0.0,0.1,0.2,0.0,95.0,4.7
20171208052641,0.0,0.0,0.0,0.1,0.1,0.0,95.5,4.2
20171208052711,0.0,0.0,0.0,0.1,0.0,0.0,97.8,2.1
20171208052741,0.0,0.0,0.0,0.2,0.2,0.0,94.3,5.3
20171208052811,0.0,0.0,0.0,0.4,0.2,0.0,89.9,9.5
20171208052841,0.0,0.0,0.0,0.9,0.4,0.0,73.4,25.3
20171208052911,0.0,0.0,0.0,0.6,0.2,0.0,85.6,13.6
20171208052941,0.0,0.0,0.0,0.6,0.2,0.0,89.3,9.9
20171208053011,0.0,0.0,0.0,1.0,0.4,0.0,81.4,17.2
20171208053041,0.0,0.0,0.0,0.4,0.1,0.0,82.1,17.5
20171208053111,0.0,0.0,0.0,0.3,0.2,0.0,91.6,7.9
20171208053141,0.0,0.0,0.0,0.2,0.4,0.0,90.5,8.8
20171208053211,0.0,0.0,0.0,0.5,0.2,0.0,92.8,6.4
20171208053241,0.0,0.0,0.0,0.1,0.1,0.0,97.5,2.3
20171208053311,0.0,0.0,0.0,0.1,0.1,0.0,98.0,1.7
20171208053341,0.0,0.0,0.0,0.4,0.3,0.0,94.8,4.5
20171208053411,0.0,0.0,0.0,0.5,0.2,0.0,93.9,5.4
20171208053441,0.0,0.0,0.0,0.3,0.4,0.0,90.8,8.5
20171208053511,0.0,0.0,0.0,2.2,0.6,0.0,60.5,36.6
20171208053541,0.0,0.0,0.0,1.9,1.0,0.0,67.1,30.0
20171208053611,0.0,0.0,0.0,0.5,0.3,0.0,93.7,5.6
20171208053641,0.0,0.0,0.0,0.4,0.4,0.0,86.5,12.6
20171208053711,0.0,0.0,0.0,0.3,0.3,0.0,93.7,5.8
20171208053741,0.0,0.0,0.0,0.9,0.7,0.0,87.3,11.0
20171208053811,0.0,0.0,0.0,0.4,0.2,0.0,94.3,5.2
20171208053841,0.0,0.0,0.0,0.3,0.1,0.0,91.7,7.9
20171208053911,0.0,0.0,0.0,0.8,0.2,0.0,84.9,14.1
20171208053941,0.0,0.0,0.0,0.3,0.1,0.0,90.6,9.0
20171208054011,0.0,0.0,0.0,0.3,0.0,0.0,96.2,3.5
20171208054041,0.0,0.0,0.0,0.1,0.0,0.0,98.4,1.4
20171208054111,0.0,0.0,0.0,0.2,0.0,0.0,95.7,4.1
20171208054141,0.0,0.0,0.0,0.2,0.0,0.0,98.7,1.1
20171208054211,0.0,0.0,0.0,0.5,0.0,0.0,90.8,8.7
20171208054241,0.0,0.0,0.0,0.1,0.1,0.0,96.0,3.8
20171208054311,0.0,0.0,0.0,0.1,0.1,0.0,98.1,1.8
20171208054341,0.0,0.0,0.0,0.3,0.1,0.0,95.8,3.9
20171208054411,0.0,0.0,0.0,0.1,0.1,0.0,96.7,3.1
20171208054441,0.0,0.0,0.0,0.2,0.0,0.0,97.1,2.6
20171208054511,0.0,0.0,0.0,0.1,0.0,0.0,98.5,1.4
20171208054541,0.0,0.0,0.0,0.0,0.0,0.0,98.7,1.3
20171208054611,0.0,0.0,0.0,0.1,0.0,0.0,99.1,0.8
20171208054641,0.0,0.0,0.0,0.1,0.0,0.0,97.8,2.1
20171208054711,0.0,0.0,0.0,0.0,0.0,0.0,98.4,1.6
20171208054741,0.0,0.0,0.0,0.1,0.1,0.0,96.8,3.0
20171208054811,0.0,0.0,0.0,0.0,0.0,0.0,97.9,2.0
20171208054841,0.0,0.0,0.0,0.0,0.0,0.0,98.2,1.8
20171208054911,0.0,0.0,0.0,0.0,0.0,0.0,99.0,0.9
20171208054941,0.0,0.0,0.0,0.1,0.0,0.0,98.8,1.1
20171208055012,0.0,0.0,0.0,0.2,0.1,0.0,98.2,1.5
20171208055042,0.0,0.0,0.0,0.4,0.3,0.0,94.8,4.4
20171208055112,0.0,0.0,0.0,0.5,0.0,0.0,97.6,1.9
20171208055142,0.0,0.0,0.0,0.3,0.0,0.0,95.4,4.3
20171208055212,0.0,0.0,0.0,0.1,0.0,0.0,98.2,1.7
20171208055242,0.0,0.0,0.0,0.1,0.0,0.0,98.9,1.1
20171208055312,0.0,0.0,0.0,0.3,0.2,0.0,90.8,8.7
20171208055342,0.0,0.0,0.0,0.4,0.0,0.0,94.9,4.6
20171208055412,0.0,0.0,0.0,0.3,0.1,0.0,92.3,7.3
20171208055442,0.0,0.0,0.0,0.5,0.1,0.0,91.1,8.2
20171208055512,0.0,0.0,0.0,1.7,0.1,0.0,90.6,7.6
20171208055542,0.0,0.0,0.0,0.9,0.1,0.0,92.6,6.5
20171208055612,0.0,0.0,0.0,0.6,0.1,0.0,93.1,6.2
20171208055642,0.0,0.0,0.0,0.1,0.0,0.0,98.2,1.7
20171208055712,0.0,0.0,0.0,0.2,0.0,0.0,97.7,2.1
20171208055742,0.0,0.0,0.0,0.1,0.0,0.0,98.6,1.3
20171208055812,0.0,0.0,0.0,0.1,0.0,0.0,99.3,0.5
20171208055842,0.0,0.0,0.0,0.5,0.0,0.0,97.8,1.7
20171208055912,0.0,0.0,0.0,0.4,0.0,0.0,97.4,2.1
20171208055942,0.0,0.0,0.0,0.1,0.0,0.0,99.4,0.5
20171208060012,0.0,0.0,0.0,0.0,0.0,0.0,99.8,0.1
20171208060042,0.0,0.0,0.0,0.0,0.0,0.0,99.6,0.4
20171208060112,0.0,0.0,0.0,0.1,0.0,0.0,99.4,0.5
20171208060142,0.0,0.0,0.0,0.0,0.0,0.0,99.5,0.4
20171208060212,0.0,0.0,0.0,0.1,0.0,0.0,99.0,0.9
20171208060242,0.0,0.0,0.0,0.1,0.0,0.0,98.2,1.7
20171208060312,0.0,0.0,0.0,0.1,0.0,0.0,98.7,1.2
20171208060342,0.0,0.0,0.0,0.0,0.0,0.0,99.7,0.3
20171208060412,0.0,0.0,0.0,0.0,0.0,0.0,99.8,0.2
20171208060442,0.0,0.0,0.0,0.0,0.0,0.0,99.3,0.6
20171208060512,0.0,0.0,0.0,0.0,0.0,0.0,99.4,0.6
20171208060542,0.0,0.0,0.0,0.1,0.0,0.0,98.7,1.2
20171208060612,0.0,0.0,0.0,0.1,0.1,0.0,97.6,2.2
20171208060642,0.0,0.0,0.0,0.4,0.1,0.0,91.7,7.8
20171208060712,0.0,0.0,0.0,0.3,0.0,0.0,97.8,1.9
20171208060742,0.0,0.0,0.0,0.1,0.0,0.0,98.5,1.4
20171208060812,0.0,0.0,0.0,0.2,0.0,0.0,98.7,1.0
20171208060842,0.0,0.0,0.0,0.1,0.0,0.0,99.0,0.9
20171208060912,0.0,0.0,0.0,0.2,0.0,0.0,98.0,1.8
20171208060942,0.0,0.0,0.0,0.2,0.0,0.0,98.8,0.9
20171208061012,0.0,0.0,0.0,0.1,0.0,0.0,99.0,0.9
20171208061042,0.0,0.0,0.0,0.2,0.0,0.0,97.3,2.4
20171208061112,0.0,0.0,0.0,0.2,0.1,0.0,96.3,3.5
20171208061142,0.0,0.0,0.0,0.1,0.0,0.0,96.9,3.0
20171208061212,0.0,0.0,0.0,0.1,0.0,0.0,97.8,2.1
20171208061242,0.0,0.0,0.0,0.0,0.0,0.0,99.3,0.6
20171208061312,0.0,0.0,0.0,0.0,0.0,0.0,97.5,2.4
20171208061342,0.0,0.0,0.0,0.0,0.0,0.0,98.4,1.6
20171208061412,0.0,0.0,0.0,0.0,0.0,0.0,98.9,1.1
20171208061442,0.0,0.0,0.0,0.0,0.0,0.0,95.8,4.1
20171208061512,0.0,0.0,0.0,0.0,0.0,0.0,93.6,6.3
20171208061542,0.0,0.0,0.0,0.0,0.0,0.0,97.8,2.2
20171208061612,0.0,0.0,0.0,0.0,0.0,0.0,98.0,1.9
20171208061642,0.0,0.0,0.0,0.1,0.1,0.0,97.4,2.3
20171208061712,0.0,0.0,0.0,0.1,0.0,0.0,98.0,1.9
20171208061742,0.0,0.0,0.0,0.1,0.0,0.0,98.7,1.1
20171208061812,0.0,0.0,0.0,0.1,0.1,0.0,97.9,2.0
20171208061842,0.0,0.0,0.0,0.0,0.1,0.0,98.7,1.2
20171208061912,0.0,0.0,0.0,0.1,0.2,0.0,97.5,2.1
20171208061942,0.0,0.0,0.0,0.1,0.1,0.0,95.5,4.3
20171208062012,0.0,0.0,0.0,0.1,0.1,0.0,96.2,3.5
20171208062042,0.0,0.0,0.0,0.1,0.3,0.0,97.2,2.4
20171208062112,0.0,0.0,0.0,0.0,0.0,0.0,99.0,0.9
20171208062142,0.0,0.0,0.0,0.0,0.1,0.0,98.6,1.3
20171208062212,0.0,0.0,0.0,0.0,0.1,0.0,98.5,1.3
20171208062242,0.0,0.0,0.0,0.0,0.1,0.0,99.5,0.4
20171208062312,0.0,0.0,0.0,0.1,0.1,0.0,97.9,2.0
20171208062342,0.0,0.0,0.0,0.3,0.2,0.0,98.8,0.7
20171208062412,0.0,0.0,0.0,0.5,0.2,0.0,97.9,1.4
20171208062443,0.0,0.0,0.0,0.3,0.1,0.0,98.3,1.3
20171208062513,0.0,0.0,0.0,0.2,0.1,0.0,98.7,1.0
20171208062543,0.0,0.0,0.0,0.1,0.1,0.0,99.0,0.8
20171208062613,0.0,0.0,0.0,0.1,0.3,0.0,99.1,0.6
20171208062643,0.0,0.0,0.0,0.7,0.5,0.0,96.4,2.4
20171208062713,0.0,0.0,0.0,0.6,0.3,0.0,96.0,3.1
20171208062743,0.0,0.0,0.0,0.1,0.1,0.0,98.9,0.9
20171208062813,0.0,0.0,0.0,0.8,1.2,0.0,94.9,3.1
20171208062843,0.0,0.0,0.0,0.4,0.7,0.0,95.3,3.6
20171208062913,0.0,0.0,0.0,0.1,0.3,0.0,99.1,0.5
20171208062943,0.0,0.0,0.0,0.2,0.5,0.0,98.5,0.9
20171208063013,0.0,0.0,0.0,0.1,0.1,0.0,99.3,0.5
20171208063043,0.0,0.0,0.0,0.2,0.5,0.0,96.9,2.4
20171208063113,0.0,0.0,0.0,0.4,0.7,0.0,95.3,3.6
20171208063143,0.0,0.0,0.0,0.2,0.3,0.0,92.4,7.0
20171208063213,0.0,0.0,0.0,0.1,0.2,0.0,95.4,4.3
20171208063243,0.0,0.0,0.0,0.7,1.0,0.0,92.7,5.6
20171208063313,0.0,0.0,0.0,0.8,0.4,0.0,94.2,4.6
20171208063343,0.0,0.0,0.0,0.5,2.1,0.0,88.2,9.3
20171208063413,0.0,0.0,0.0,0.5,0.4,0.0,91.1,7.9
20171208063443,0.0,0.0,0.0,1.7,0.4,0.0,91.1,6.8
20171208063513,0.0,0.0,0.0,2.2,0.7,0.0,86.1,11.0
20171208063543,0.0,0.0,0.0,1.3,0.7,0.0,90.4,7.6
20171208063613,0.0,0.0,0.0,0.9,0.5,0.0,93.7,4.9
20171208063643,0.0,0.0,0.0,0.2,0.1,0.0,97.0,2.7
20171208063713,0.0,0.0,0.0,0.4,0.4,0.0,93.2,6.0
20171208063743,0.0,0.0,0.0,0.3,0.2,0.0,91.5,7.9
20171208063813,0.0,0.0,0.0,0.3,1.1,0.0,92.5,6.1
20171208063843,0.0,0.0,0.0,1.1,0.6,0.0,83.9,14.3
20171208063913,0.0,0.0,0.0,0.1,0.2,0.0,95.9,3.8
20171208063943,0.0,0.0,0.0,0.8,1.1,0.0,78.2,20.0
20171208064013,0.0,0.0,0.0,0.5,2.0,0.0,76.0,21.5
20171208064043,0.0,0.0,0.0,0.1,0.9,0.0,95.8,3.2
20171208064113,0.0,0.0,0.0,0.2,1.6,0.0,83.1,15.1
20171208064143,0.0,0.0,0.0,0.6,4.1,0.0,88.7,6.6
20171208064213,0.0,0.0,0.0,0.3,0.8,0.0,95.7,3.3
20171208064243,0.0,0.0,0.0,2.0,2.1,0.0,75.7,20.1
20171208064313,0.0,0.0,0.0,1.5,4.6,0.0,84.4,9.5
20171208064343,0.0,0.0,0.0,0.6,5.9,0.0,87.7,5.8
20171208064413,0.0,0.0,0.0,0.3,2.1,0.0,96.1,1.5
20171208064443,0.0,0.0,0.0,0.5,2.9,0.0,91.3,5.3
20171208064513,0.0,0.0,0.0,0.4,2.3,0.0,88.8,8.4
20171208064543,0.0,0.0,0.0,0.1,0.7,0.0,92.6,6.6
20171208064613,0.0,0.0,0.0,0.2,1.5,0.0,90.9,7.4
20171208064643,0.0,0.0,0.0,0.3,3.6,0.0,90.7,5.4
20171208064713,0.0,0.0,0.0,0.4,2.2,0.0,88.6,8.9
20171208064743,0.0,0.0,0.0,0.0,1.3,0.0,95.1,3.5
20171208064813,0.0,0.0,0.0,0.0,1.5,0.0,93.5,4.9
20171208064843,0.0,0.0,0.0,0.0,4.9,0.0,87.6,7.5
20171208064913,0.0,0.0,0.0,0.0,1.9,0.0,95.1,3.0
20171208064943,0.0,0.0,0.0,0.2,1.0,0.0,90.1,8.7
20171208065013,0.0,0.0,0.0,0.3,3.3,0.0,80.3,16.2
20171208065043,0.0,0.0,0.0,0.5,8.0,0.0,86.6,4.8
20171208065113,0.0,0.0,0.0,0.6,3.5,0.0,73.2,22.7
20171208065143,0.0,0.0,0.0,0.8,25.1,0.0,54.6,19.6
20171208065213,0.0,0.0,0.0,0.7,9.3,0.0,81.1,8.9
20171208065243,0.0,0.0,0.0,0.4,11.2,0.0,81.6,6.8
20171208065313,0.0,0.0,0.0,1.1,5.1,0.0,82.6,11.2
20171208065343,0.0,0.0,0.0,0.7,8.8,0.0,52.9,37.5
20171208065413,0.0,0.0,0.0,0.8,7.8,0.0,30.9,60.5
20171208065443,0.0,0.0,0.0,1.1,9.6,0.0,65.9,23.3
20171208065513,0.0,0.0,0.0,0.6,11.6,0.0,71.5,16.3
20171208065543,0.0,0.0,0.0,0.4,13.8,0.0,74.2,11.4
20171208065613,0.0,0.0,0.0,0.2,4.4,0.0,81.3,14.1
20171208065643,0.0,0.0,0.0,0.4,4.8,0.0,76.5,18.2
20171208065843,0.0,0.0,0.0,0.1,0.0,0.0,93.5,6.4
20171208065914,0.0,0.0,0.0,0.3,0.0,0.0,86.7,13.0
20171208065944,0.0,0.0,0.0,0.2,0.0,0.0,50.5,49.3
20171208070014,0.0,0.0,0.0,0.2,0.0,0.0,96.1,3.7
20171208070044,0.0,0.0,0.0,0.3,0.0,0.0,95.8,3.9
20171208070114,0.0,0.0,0.0,0.2,0.0,0.0,99.0,0.8
20171208070144,0.0,0.0,0.0,2.4,0.0,0.0,94.2,3.3
20171208070214,0.0,0.0,0.0,0.5,0.0,0.0,98.6,0.9
20171208070244,0.0,0.0,0.0,0.3,0.0,0.0,98.5,1.2
20171208070314,0.0,0.0,0.0,0.8,0.0,0.0,96.1,3.0
20171208070344,0.0,0.0,0.0,0.6,0.0,0.0,93.8,5.6
20171208070414,0.0,0.0,0.0,0.5,0.0,0.0,93.0,6.5
20171208070444,0.0,0.0,0.0,1.0,0.0,0.0,75.0,23.9
20171208070514,0.0,0.0,0.0,0.4,0.0,0.0,81.5,18.1
20171208070544,0.0,0.0,0.0,1.2,0.0,0.0,78.1,20.7
20171208070614,0.0,0.0,0.0,0.3,0.0,0.0,75.9,23.8
20171208070644,0.0,0.0,0.0,0.6,0.0,0.0,62.6,36.8
20171208070714,0.0,0.0,0.0,0.2,0.0,0.0,64.5,35.3
20171208070744,0.0,0.0,0.0,0.6,0.0,0.0,52.2,47.2
20171208070814,0.0,0.0,0.0,0.8,0.0,0.0,36.4,62.8
20171208070844,0.0,0.0,0.0,0.8,0.0,0.0,52.0,47.2
20171208070914,0.0,0.0,0.0,1.9,0.0,0.0,43.7,54.4
20171208070944,0.0,0.0,0.0,0.7,0.0,0.0,37.4,61.9
20171208071014,0.0,0.0,0.0,0.4,0.0,0.0,65.0,34.5
20171208071044,0.1,0.0,0.0,1.7,0.1,0.0,60.2,38.0
20171208071114,0.0,0.0,0.0,0.2,0.1,0.0,36.9,62.8
20171208071144,0.0,0.0,0.0,0.2,0.0,0.0,45.9,53.8
20171208071214,0.0,0.0,0.0,0.3,0.1,0.0,25.5,74.0
20171208071244,0.0,0.0,0.0,0.4,0.1,0.0,42.4,57.2
20171208071314,0.0,0.0,0.0,0.3,0.1,0.0,41.7,58.0
20171208071344,0.0,0.0,0.0,0.4,0.1,0.0,49.6,50.0
20171208071414,0.0,0.0,0.0,0.5,0.0,0.0,24.0,75.5
20171208071444,0.0,0.0,0.0,0.5,0.0,0.0,9.9,89.6
20171208071514,0.0,0.0,0.0,0.2,0.0,0.0,3.8,95.9
20171208071544,0.0,0.0,0.0,0.6,0.0,0.0,14.4,85.0
20171208071614,0.0,0.0,0.0,0.3,0.0,0.0,15.7,84.0
20171208071644,0.0,0.0,0.0,0.1,0.0,0.0,18.1,81.8
20171208071714,0.0,0.0,0.0,0.2,0.0,0.0,10.8,88.9
20171208071744,0.0,0.0,0.0,0.1,0.0,0.0,3.4,96.5
20171208071814,0.0,0.0,0.0,0.2,0.1,0.0,13.9,85.8
20171208071844,0.0,0.0,0.0,0.9,0.2,0.0,14.8,84.1
20171208071914,0.0,0.0,0.0,0.0,0.1,0.0,2.5,97.4
20171208071944,0.0,0.0,0.0,0.1,0.1,0.0,3.7,96.1
20171208072014,0.0,0.0,0.0,0.1,0.0,0.0,2.4,97.5
20171208072044,0.0,0.0,0.0,0.1,0.2,0.0,0.5,99.2
20171208072114,0.0,0.0,0.0,0.0,0.1,0.0,0.4,99.5
20171208072144,0.0,0.0,0.0,0.0,0.1,0.0,1.5,98.4
20171208072214,0.0,0.0,0.0,0.0,0.1,0.0,1.0,98.8
20171208072244,0.0,0.0,0.0,0.0,0.3,0.0,0.4,99.3
20171208072314,0.0,0.0,0.0,0.0,0.0,0.0,0.1,99.8
20171208072344,0.0,0.0,0.0,0.0,0.1,0.0,0.5,99.3
20171208072414,0.0,0.0,0.0,0.0,0.1,0.0,0.2,99.7
20171208072444,0.0,0.0,0.0,0.0,0.0,0.0,0.0,99.9
20171208072514,0.0,0.0,0.0,0.0,0.1,0.0,0.1,99.9
20171208072545,0.0,0.0,0.0,0.0,0.0,0.0,0.0,99.9
20171208072615,0.0,0.0,0.0,0.0,1.1,0.0,0.2,98.7
20171208072645,0.0,0.0,0.0,0.0,1.4,0.0,0.1,98.5
20171208072715,0.0,0.0,0.0,0.0,0.5,0.0,0.2,99.3
20171208072745,0.0,0.0,0.0,0.0,0.2,0.0,0.0,99.8
20171208072815,0.0,0.0,0.0,0.0,0.2,0.0,0.0,99.8
20171208072845,0.0,0.0,0.0,0.0,0.0,0.0,0.0,100.0
20171208072915,0.0,0.0,0.0,0.0,0.0,0.0,0.0,100.0
20171208072945,0.0,0.0,0.0,0.0,0.1,0.0,0.0,99.9
20171208073015,0.0,0.0,0.0,0.0,0.0,0.0,0.0,100.0
20171208073045,0.0,0.0,0.0,0.0,0.0,0.0,0.0,100.0
20171208073115,0.0,0.0,0.0,0.0,0.0,0.0,0.0,100.0
20171208073145,0.0,0.0,0.0,0.0,0.0,0.0,0.0,100.0
20171208073215,0.0,0.0,0.0,0.0,0.0,0.0,0.0,100.0
20171208073245,0.0,0.0,0.0,0.0,0.0,0.0,0.0,100.0
20171208073315,0.0,0.0,0.0,0.0,0.0,0.0,0.0,100.0
20171208073345,0.0,0.0,0.0,0.0,0.0,0.0,0.0,100.0
20171208073415,0.0,0.0,0.0,0.0,0.0,0.0,0.0,100.0
20171208073445,0.0,0.0,0.0,0.0,0.0,0.0,0.0,100.0
20171208073515,0.0,0.0,0.0,0.0,0.0,0.0,0.0,100.0
20171208073545,0.0,0.0,0.0,0.0,0.0,0.0,0.0,100.0
20171208073615,0.0,0.0,0.0,0.0,0.0,0.0,0.0,100.0
20171208073645,0.0,0.0,0.0,0.0,0.0,0.0,0.0,100.0
20171208073715,0.0,0.0,0.0,0.0,0.0,0.0,0.0,100.0
20171208073745,0.0,0.0,0.0,0.0,0.0,0.0,0.0,100.0
20171208073815,0.0,0.0,0.0,0.0,0.0,0.0,0.0,100.0
20171208073845,0.0,0.0,0.0,0.0,0.0,0.0,0.0,100.0
20171208073915,0.0,0.0,0.0,0.0,0.0,0.0,0.0,100.0
20171208073945,0.0,0.0,0.0,0.0,0.0,0.0,0.0,100.0
20171208074015,0.0,0.0,0.0,0.0,0.0,0.0,0.0,100.0
20171208074045,0.0,0.0,0.0,0.0,0.0,0.0,0.0,100.0
20171208074115,0.0,0.0,0.0,0.0,0.0,0.0,0.0,100.0
20171208074145,0.0,0.0,0.0,0.0,0.0,0.0,0.0,100.0
20171208074215,0.0,0.0,0.0,0.0,0.0,0.0,0.0,100.0
20171208074245,0.0,0.0,0.0,0.0,0.0,0.0,0.0,100.0
20171208074315,0.0,0.0,0.0,0.0,0.0,0.0,0.0,100.0
20171208074345,0.0,0.0,0.0,0.0,0.0,0.0,0.0,100.0
20171208074415,0.0,0.0,0.0,0.0,0.0,0.0,0.0,100.0
20171208074445,0.0,0.0,0.0,0.0,0.0,0.0,0.0,100.0
20171208074515,0.0,0.0,0.0,0.0,0.0,0.0,0.0,100.0
20171208074545,0.0,0.0,0.0,0.0,0.0,0.0,0.0,100.0
20171208074615,0.0,0.0,0.0,0.0,0.0,0.0,0.0,100.0
20171208074645,0.0,0.0,0.0,0.0,0.0,0.0,0.0,100.0
20171208074715,0.0,0.0,0.0,0.0,0.0,0.0,0.0,100.0
20171208074745,0.0,0.0,0.0,0.0,0.0,0.0,0.0,100.0
20171208074815,0.0,0.0,0.0,0.0,0.0,0.0,0.0,100.0
20171208074845,0.0,0.0,0.0,0.0,0.0,0.0,0.0,100.0
20171208074915,0.0,0.0,0.0,0.0,0.0,0.0,0.0,100.0
20171208074945,0.0,0.0,0.0,0.0,0.0,0.0,0.0,100.0
20171208075015,0.0,0.0,0.0,0.0,0.0,0.0,0.0,100.0
20171208075045,0.0,0.0,0.0,0.0,0.0,0.0,0.0,100.0
20171208075115,0.0,0.0,0.0,0.0,0.0,0.0,0.0,100.0
20171208075145,0.0,0.0,0.0,0.0,0.0,0.0,0.0,100.0
20171208075215,0.0,0.0,0.0,0.0,0.0,0.0,0.0,100.0
20171208075245,0.0,0.0,0.0,0.0,0.0,0.0,0.0,100.0
20171208075315,0.0,0.0,0.0,0.0,0.0,0.0,0.0,100.0
20171208075345,0.0,0.0,0.0,0.0,0.0,0.0,0.0,100.0
20171208075415,0.0,0.0,0.0,0.0,0.0,0.0,0.0,100.0
20171208075445,0.0,0.0,0.0,0.0,0.0,0.0,0.0,100.0
20171208075515,0.0,0.0,0.0,0.0,0.0,0.0,0.0,100.0
20171208075545,0.0,0.0,0.0,0.0,0.0,0.0,0.0,100.0
20171208075615,0.0,0.0,0.0,0.0,0.0,0.0,0.0,100.0
20171208075645,0.0,0.0,0.0,0.0,0.0,0.0,0.0,100.0
